# d_a
0.000000000000000000e+00
4.302697610513117610e+01
8.501432003642906921e+01
1.259912307366933533e+02
1.659858394790680336e+02
2.050252606859422997e+02
2.431356398022068106e+02
2.803421984181238713e+02
3.166692768226526482e+02
3.521403741548170387e+02
3.867781863085587588e+02
4.206046417353161360e+02
4.536409352782903284e+02
4.859075601628755976e+02
5.174243382589999101e+02
5.482104487230458290e+02
5.782844551196017164e+02
6.076643311164026500e+02
6.363674848394756509e+02
6.644107819696190518e+02
6.918105676558976711e+02
7.185826873168050497e+02
7.447425063950566937e+02
7.703049291276483928e+02
7.952844163887795048e+02
8.196950026595176269e+02
8.435503121745905446e+02
8.668635742934689006e+02
8.896476381399004367e+02
9.119149865512533779e+02
9.336777493764210476e+02
9.549477161586224838e+02
9.757363482371530381e+02
9.960547903000568795e+02
1.015913881417689140e+03
1.035324165585331912e+03
1.054295901801287982e+03
1.072839073705291185e+03
1.090963398800556661e+03
1.108678337281412496e+03
1.125993100487131642e+03
1.142916659001364906e+03
1.159457750415424925e+03
1.175624886772598757e+03
1.191426361709674893e+03
1.206870257310898069e+03
1.221964450688728220e+03
1.236716620304901198e+03
1.251134252044572577e+03
1.265224645055536939e+03
1.278994917363894047e+03
1.292452011276844132e+03
1.305602698582731364e+03
1.318453585557859014e+03
1.331011117789114223e+03
1.343281584820883154e+03
1.355271124634339458e+03
1.366985727966694867e+03
1.378431242477613978e+03
1.389613376769620572e+03
1.400537704268915149e+03
1.411209666972737296e+03
1.421634579069040910e+03
1.431817630433961767e+03
1.441763890012281763e+03
1.451478309085809769e+03
1.460965724434353888e+03
1.470230861393723444e+03
1.479278336814969862e+03
1.488112661928868420e+03
1.496738245119440990e+03
1.505159394610131585e+03
1.513380321066076249e+03
1.521405140115725771e+03
1.529237874794947402e+03
1.536882457916547992e+03
1.544342734368063475e+03
1.551622463340485183e+03
1.558725320490490503e+03
1.565654900038636015e+03
1.572414716805824810e+03
1.579008208190290816e+03
1.585438736087226289e+03
1.591709588753071330e+03
1.597823982616422199e+03
1.603785064037411985e+03
1.609595911017330081e+03
1.615259534860196936e+03
1.620778881787906812e+03
1.626156834510507906e+03
1.631396213753109578e+03
1.636499779740846634e+03
1.641470233643280835e+03
1.646310218979550200e+03
1.651022322985534174e+03
1.655609077944250430e+03
1.660072962480645856e+03
1.664416402821903148e+03
1.668641774024348933e+03
1.672751401167981157e+03
1.676747560519635954e+03
1.680632480665730327e+03
1.684408343615522654e+03
1.688077285875768439e+03
1.691641399497633756e+03
1.695102733096690599e+03
1.698463292846790182e+03
1.701725043448581118e+03
1.704889909073416447e+03
1.707959774283357319e+03
1.710936484927973879e+03
1.713821849018595003e+03
1.716617637580666724e+03
1.719325585484826888e+03
1.721947392257305182e+03
1.724484722870225369e+03
1.726939208512373625e+03
1.729312447340974813e+03
1.731606005215001687e+03
1.733821416410527718e+03
1.735960184318613528e+03
1.738023782126203741e+03
1.740013653480497169e+03
1.741931213137238046e+03
1.743777847593355773e+03
1.745554915704381301e+03
1.747263749287039445e+03
1.748905653707417741e+03
1.750481908455087023e+03
1.751993767703554340e+03
1.753442460857395417e+03
1.754829193086429314e+03
1.756155145847261110e+03
1.757421477392532779e+03
1.758629323268191911e+03
1.759779796799091628e+03
1.760873989563227269e+03
1.761912971854892930e+03
1.762897793137045937e+03
1.763829482483157335e+03
1.764709049008812372e+03
1.765537482293321091e+03
1.766315752791595969e+03
1.767044812296635882e+03
1.767725594278055041e+03
1.768359014067219050e+03
1.768945969553969235e+03
1.769487341425454360e+03
1.769983993524516109e+03
1.770436773199924801e+03
1.770846511648664091e+03
1.771214024250461080e+03
1.771540110894753525e+03
1.771825556300279686e+03
1.772071130327472929e+03
1.772277588283835485e+03
1.772445671222465535e+03
1.772576106233900418e+03
1.772669606731443764e+03
1.772726872730129344e+03
1.772748591119478306e+03
1.772735435930200310e+03
1.772688068594984088e+03
1.772607138203517707e+03
1.772493281751879294e+03
1.772347124386432824e+03
1.772169279642358333e+03
1.771960349676948226e+03
1.771720925497787903e+03
1.771451587185953031e+03
1.771152904114327384e+03
1.770825435161171072e+03
1.770469728919039198e+03
1.770086323899168974e+03
1.769675748731438489e+03
1.769238522360001753e+03
1.768775154234699130e+03
1.768286144498345948e+03
1.767771984169993402e+03
1.767233155324254540e+03
1.766670131266789213e+03
1.766083376706035779e+03
1.765473347921276627e+03
1.764840492927122796e+03
1.764185251634500219e+03
1.763508056008216954e+03
1.762809330221193250e+03
1.762089490805428341e+03
1.761348946799777877e+03
1.760588099894619745e+03
1.759807344573473074e+03
1.759007068251645933e+03
1.758187651411974684e+03
1.757349467737723671e+03
1.756492884242708442e+03
1.755618261398706863e+03
1.754725953260216784e+03
1.753816307586623452e+03
1.752889665961832407e+03
1.751946363911426261e+03
1.750986731017399279e+03
1.750011091030527496e+03
1.749019761980422118e+03
1.748013056283323522e+03
1.746991280847681992e+03
1.745954737177576362e+03
1.744903721474017630e+03
1.743838524734186421e+03
1.742759432848647293e+03
1.741666726696585783e+03
1.740560682239114612e+03
1.739441570610684494e+03
1.738309658208651172e+03
1.737165206781027337e+03
1.736008473512471710e+03
1.734839711108543497e+03
1.733659167878266999e+03
1.732467087815037075e+03
1.731263710675909351e+03
1.730049272059302893e+03
1.728824003481152658e+03
1.727588132449548539e+03
1.726341882537886931e+03
1.725085473456572572e+03
1.723819121123300647e+03
1.722543037731945560e+03
1.721257431820095235e+03
1.719962508335248685e+03
1.718658468699715513e+03
1.717345510874238926e+03
1.716023829420370021e+03
1.714693615561626075e+03
1.713355057243447391e+03
1.712008339191989307e+03
1.710653642971768932e+03
1.709291147042189323e+03
1.707921026812967511e+03
1.706543454698491132e+03
1.705158600171120270e+03
1.703766629813461805e+03
1.702367707369638083e+03
1.700961993795564467e+03
1.699549647308268050e+03
1.698130823434252761e+03
1.696705675056944756e+03
1.695274352463228297e+03
1.693837003389095116e+03
1.692393773064421566e+03
1.690944804256898578e+03
1.689490237315124205e+03
1.688030210210880796e+03
1.686564858580612281e+03
1.685094315766118825e+03
1.683618712854481828e+03
1.682138178717240180e+03
1.680652840048828693e+03
1.679162821404293709e+03
1.677668245236307712e+03
1.676169231931483637e+03
1.674665899846018874e+03
1.673158365340670571e+03
1.671646742815080188e+03
1.670131144741463913e+03
1.668611681697672338e+03
1.667088462399642822e+03
1.665561593733251357e+03
1.664031180785573270e+03
1.662497326875571162e+03
1.660960133584218056e+03
1.659419700784063934e+03
1.657876126668265215e+03
1.656329507779077858e+03
1.654779939035833195e+03
1.653227513762401486e+03
1.651672323714154800e+03
1.650114459104440357e+03
1.648554008630573435e+03
1.646991059499357107e+03
1.645425697452141549e+03
1.643858006789429737e+03
1.642288070395038631e+03
1.640715969759827431e+03
1.639141785004994517e+03
1.637565594904960335e+03
1.635987476909836232e+03
1.634407507167495623e+03
1.632825760545244293e+03
1.631242310651109392e+03
1.629657229854745992e+03
1.628070589307973023e+03
1.626482458964943135e+03
1.624892907601955585e+03
1.623302002836917836e+03
1.621709811148463587e+03
1.620116397894732472e+03
1.618521827331816894e+03
1.616926162631889838e+03
1.615329465901006415e+03
1.613731798196599357e+03
1.612133219544664144e+03
1.610533788956644003e+03
1.608933564446021819e+03
1.607332603044619418e+03
1.605730960818616722e+03
1.604128692884288739e+03
1.602525853423469925e+03
1.600922495698753664e+03
1.599318672068423439e+03
1.597714434001128893e+03
1.596109832090309737e+03
1.594504916068366128e+03
1.592899734820590538e+03
1.591294336398855876e+03
1.589688768035072599e+03
1.588083076154410037e+03
1.586477306388297848e+03
1.584871503587198731e+03
1.583265711833167416e+03
1.581659974452195456e+03
1.580054334026342531e+03
1.578448832405666280e+03
1.576843510719945243e+03
1.575238409390206925e+03
1.573633568140058060e+03
1.572029026006825461e+03
1.570424821352505433e+03
1.568820991874534002e+03
1.567217574616372531e+03
1.565614605977913243e+03
1.564012121725715588e+03
1.562410157003067752e+03
1.560808746339878780e+03
1.559207923662409257e+03
1.557607722302835100e+03
1.556008175008655371e+03
1.554409313951941840e+03
1.552811170738434839e+03
1.551213776416489281e+03
1.549617161485870838e+03
1.548021355906408189e+03
1.546426389106500210e+03
1.544832289991484004e+03
1.543239086951865374e+03
1.541646807871412875e+03
1.540055480135118842e+03
1.538465130637029688e+03
1.536875785787947507e+03
1.535287471523008435e+03
1.533700213309130504e+03
1.532114036152347126e+03
1.530528964605016427e+03
1.528945022772913035e+03
1.527362234322208678e+03
1.525780622486333186e+03
1.524200210072729533e+03
1.522621019469495195e+03
1.521043072651919374e+03
1.519466391188911985e+03
1.517890996249330328e+03
1.516316908608202311e+03
1.514744148652850981e+03
1.513172736388919475e+03
1.511602691446299332e+03
1.510034033084962402e+03
1.508466780200703624e+03
1.506900951330784892e+03
1.505336564659495025e+03
1.503773638023617423e+03
1.502212188917811545e+03
1.500652234499907991e+03
1.499093791596120582e+03
1.497536876706173189e+03
1.495981506008348788e+03
1.494427695364455076e+03
1.492875460324711185e+03
1.491324816132561864e+03
1.489775777729409128e+03
1.488228359759273644e+03
1.486682576573380629e+03
1.485138442234674812e+03
1.483595970522262633e+03
1.482055174935786454e+03
1.480516068699728066e+03
1.478978664767647388e+03
1.477442975826351585e+03
1.475909014300001672e+03
1.474376792354153395e+03
1.472846321899735131e+03
1.471317614596964859e+03
1.469790681859204369e+03
1.468265534856755266e+03
1.466742184520594719e+03
1.465220641546052320e+03
1.463700916396433740e+03
1.462183019306583219e+03
1.460666960286394442e+03
1.459152749124266620e+03
1.457640395390503500e+03
1.456129908440667577e+03
1.454621297418874292e+03
1.453114571261039828e+03
