# d_c
0.000000000000000000e+00
4.345832154058511065e+01
8.671885715315946186e+01
1.297804170010994085e+02
1.726418716421786712e+02
2.153021518778251391e+02
2.577602485363095184e+02
3.000152121921156549e+02
3.420661528238293840e+02
3.839122394129354348e+02
4.255526994859917522e+02
4.669868186026780563e+02
5.082139397922687181e+02
5.492334629411024025e+02
5.900448441336504857e+02
6.306475949497738611e+02
6.710412817207858325e+02
7.112255247469155393e+02
7.511999974787590872e+02
7.909644256652821923e+02
8.305185864709051202e+02
8.698623075641754667e+02
9.089954661804864600e+02
9.479179881612558347e+02
9.866298469719197328e+02
1.025131062701059136e+03
1.063421701042897666e+03
1.101501872265353541e+03
1.139371730165770487e+03
1.177031471016366368e+03
1.214481332501379484e+03
1.251721592647818397e+03
1.288752568751631770e+03
1.325574616301073092e+03
1.362188127898908533e+03
1.398593532185085223e+03
1.434791292761372915e+03
1.470781907119426251e+03
1.506565905573628470e+03
1.542143850200012821e+03
1.577516333782471520e+03
1.612683978767400959e+03
1.647647436227839535e+03
1.682407384838096505e+03
1.716964529859812501e+03
1.751319602140277084e+03
1.785473357123835058e+03
1.819426573877062992e+03
1.853180054128420807e+03
1.886734621322943212e+03
1.920091119692545817e+03
1.953250413342412685e+03
1.986213385353909416e+03
2.018980936904388273e+03
2.051553986404251191e+03
2.083933468651497606e+03
2.116120334004057440e+03
2.148115547570063427e+03
2.179920088416222370e+03
2.211534948794431784e+03
2.242961133386667370e+03
2.274199658568240466e+03
2.305251551689403186e+03
2.336117850375291255e+03
2.366799601844161771e+03
2.397297862243850432e+03
2.427613696006344071e+03
2.457748175220352550e+03
2.487702379021734941e+03
2.517477393001614928e+03
2.547074308632008979e+03
2.576494222708757661e+03
2.605738236811570005e+03
2.634807456780916709e+03
2.663702992211578930e+03
2.692425955962552507e+03
2.720977463683090718e+03
2.749358633354589074e+03
2.777570584848029284e+03
2.805614439496734576e+03
2.833491319684096197e+03
2.861202348446011456e+03
2.888748649087730428e+03
2.916131344814783006e+03
2.943351558377711171e+03
2.970410411730291798e+03
2.997309025700921211e+03
3.024048519676889100e+03
3.050630011301198010e+03
3.077054616181645542e+03
3.103323447611852771e+03
3.129437616303927371e+03
3.155398230132478602e+03
3.181206393889659466e+03
3.206863209050951809e+03
3.232369773551406070e+03
3.257727181572019163e+03
3.282936523335992206e+03
3.307998884914570681e+03
3.332915348042172809e+03
3.357686989940571038e+03
3.382314883151799222e+03
3.406800095379574941e+03
3.431143689338940021e+03
3.455346722613866859e+03
3.479410247522594545e+03
3.503335310990431026e+03
3.527122954429787569e+03
3.550774213627204517e+03
3.574290118637138676e+03
3.597671693682296791e+03
3.620919957060262277e+03
3.644035921056238749e+03
3.667020591861675712e+03
3.689874969498566770e+03
3.712600047749236182e+03
3.735196814091412307e+03
3.757666249638388308e+03
3.780009329084087767e+03
3.802227020652876490e+03
3.824320286053905420e+03
3.846290080439841859e+03
3.868137352369818927e+03
3.889863043776437735e+03
3.911468089936656725e+03
3.932953419446433600e+03
3.954319954198963387e+03
3.975568609366359397e+03
3.996700293384654742e+03
4.017715907941983005e+03
4.038616347969795697e+03
4.059402501637009664e+03
4.080075250346941175e+03
4.100635468736931216e+03
4.121084024680517359e+03
4.141421779292061728e+03
4.161649586933731371e+03
4.181768295224699614e+03
4.201778745052492013e+03
4.221681770586374114e+03
4.241478199292680983e+03
4.261168851951987563e+03
4.280754542678071630e+03
4.300236079084785160e+03
4.319614262177855380e+03
4.338889885890679579e+03
4.358063737891636265e+03
4.377136599300611124e+03
4.396109244716840294e+03
4.414982442247982362e+03
4.433756953540342693e+03
4.452433533810202789e+03
4.471012931876178300e+03
4.489495890192555635e+03
4.507883144883541718e+03
4.526175425778379577e+03
4.544373456447278841e+03
4.562477954238092025e+03
4.580489630313713860e+03
4.598409189690137282e+03
4.616237331275121505e+03
4.633974747907441269e+03
4.651622126396667227e+03
4.669180147563431092e+03
4.686649486280143719e+03
4.704030811512140644e+03
4.721324786359188693e+03
4.738532068097352749e+03
4.755653308221161751e+03
4.772689152486073908e+03
4.789640240951170199e+03
4.806507208022087070e+03
4.823290682494138309e+03
4.839991287595595168e+03
4.856609641031122919e+03
4.873146355025329285e+03
4.889602036366401990e+03
4.905977286449823623e+03
4.922272701322137436e+03
4.938488871724745877e+03
4.954626383137710036e+03
4.970685815823554549e+03
4.986667744871041577e+03
5.002572740238899314e+03
5.018401366799498646e+03
5.034154184382455242e+03
5.049831747818141594e+03
5.065434606981094475e+03
5.080963306833318711e+03
5.096418387467452703e+03
5.111800384149795718e+03
5.127109827363190561e+03
5.142347242849743452e+03
5.157513151653364730e+03
5.172608070162139484e+03
5.187632510150503549e+03
5.202586978821216690e+03
5.217471978847135688e+03
5.232288008412770978e+03
5.247035561255624089e+03
5.261715126707284981e+03
5.276327189734315652e+03
5.290872230978875450e+03
5.305350726799108088e+03
5.319763149309275832e+03
5.334109966419642660e+03
5.348391641876085487e+03
5.362608635299451635e+03
5.376761402224646190e+03
5.390850394139439231e+03
5.404876058523010215e+03
5.418838838884200413e+03
5.432739174799497050e+03
5.446577501950724582e+03
5.460354252162452212e+03
5.474069853439120379e+03
5.487724730001866192e+03
5.501319302325063290e+03
5.514853987172575216e+03
5.528329197633700460e+03
5.541745343158834658e+03
5.555102829594834475e+03
5.568402059220080446e+03
5.581643430779249684e+03
5.594827339517783912e+03
5.607954177216064636e+03
5.621024332223293641e+03
5.634038189491065168e+03
5.646996130606655242e+03
5.659898533826000858e+03
5.672745774106388126e+03
5.685538223138850299e+03
5.698276249380256559e+03
5.710960218085117049e+03
5.723590491337093226e+03
5.736167428080206264e+03
5.748691384149767146e+03
5.761162712303002991e+03
5.773581762249404164e+03
5.785948880680771254e+03
5.798264411300986467e+03
5.810528694855493086e+03
5.822742069160491155e+03
5.834904869131849409e+03
5.847017426813737075e+03
5.859080071406974639e+03
5.871093129297111773e+03
5.883056924082216028e+03
5.894971776600399608e+03
5.906838004957069643e+03
5.918655924551900171e+03
5.930425848105542173e+03
5.942148085686064405e+03
5.953822944735125020e+03
5.965450730093884886e+03
5.977031744028652611e+03
5.988566286256273088e+03
6.000054653969261381e+03
6.011497141860669217e+03
6.022894042148710469e+03
6.034245644601127424e+03
6.045552236559307858e+03
6.056814102962155630e+03
6.068031526369712083e+03
6.079204786986537329e+03
6.090334162684849616e+03
6.101419929027421858e+03
6.112462359290240784e+03
6.123461724484935985e+03
6.134418293380968862e+03
6.145332332527592371e+03
6.156204106275581580e+03
6.167033876798743222e+03
6.177821904115185134e+03
6.188568446108380158e+03
6.199273758547994476e+03
6.209938095110506765e+03
6.220561707399609077e+03
6.231144844966386700e+03
6.241687755329294305e+03
6.252190683993911989e+03
6.262653874472504867e+03
6.273077568303364387e+03
6.283462005069949555e+03
6.293807422419830800e+03
6.304114056083426476e+03
6.314382139892541090e+03
6.324611905798714361e+03
6.334803583891368362e+03
6.344957402415764591e+03
6.355073587790773672e+03
6.365152364626449526e+03
6.375193955741427089e+03
6.385198582180124504e+03
6.395166463229771580e+03
6.405097816437249094e+03
6.414992857625758916e+03
6.424851800911310420e+03
6.434674858719030453e+03
6.444462241799305957e+03
6.454214159243751055e+03
6.463930818501002250e+03
6.473612425392356272e+03
6.483259184127226945e+03
6.492871297318445613e+03
6.502448965997406958e+03
6.511992389629034733e+03
6.521501766126607436e+03
6.530977291866414816e+03
6.540419161702264319e+03
6.549827568979830176e+03
6.559202705550856990e+03
6.568544761787196876e+03
6.577853926594722907e+03
6.587130387427069763e+03
6.596374330299243411e+03
6.605585939801084351e+03
6.614765399110586259e+03
6.623912890007071837e+03
6.633028592884234968e+03
6.642112686763043712e+03
6.651165349304496885e+03
6.660186756822264215e+03
6.669177084295177337e+03
6.678136505379593473e+03
6.687065192421636311e+03
6.695963316469293204e+03
6.704831047284398664e+03
6.713668553354486903e+03
6.722476001904513396e+03
6.731253558908465493e+03
6.740001389100840242e+03
6.748719655988005798e+03
6.757408521859446410e+03
6.766068147798886457e+03
6.774698693695293514e+03
6.783300318253777732e+03
6.791873179006366627e+03
6.800417432322669811e+03
6.808933233420438228e+03
6.817420736376006062e+03
6.825880094134621686e+03
6.834311458520683118e+03
6.842714980247857056e+03
6.851090808929089690e+03
6.859439093086525645e+03
6.867759980161312342e+03
6.876053616523308847e+03
6.884320147480693777e+03
6.892559717289468608e+03
6.900772469162866400e+03
6.908958545280669568e+03
6.917118086798417607e+03
6.925251233856530234e+03
6.933358125589335032e+03
6.941438900133994139e+03
6.949493694639353635e+03
6.957522645274688330e+03
6.965525887238363794e+03
6.973503554766406523e+03
6.981455781140990439e+03
6.989382698698828790e+03
6.997284438839490576e+03
7.005161132033622380e+03
7.013012907831091070e+03
7.020839894869042837e+03
7.028642220879881279e+03
7.036420012699159997e+03
7.044173396273401522e+03
7.051902496667830746e+03
7.059607438074029233e+03
7.067288343817524947e+03
7.074945336365284675e+03
7.082578537333144595e+03
7.090188067493167182e+03
7.097774046780911704e+03
7.105336594302642879e+03
7.112875828342465866e+03
7.120391866369377567e+03
7.127884825044265199e+03
7.135354820226822085e+03
7.142801966982395243e+03
7.150226379588771124e+03
7.157628171542886776e+03
7.165007455567474608e+03
7.172364343617645318e+03
7.179698946887402599e+03
7.187011375816089640e+03
7.194301740094778324e+03
7.201570148672590221e+03
7.208816709762953906e+03
7.216041530849807714e+03
7.223244718693728828e+03
7.230426379338012339e+03
7.237586618114690282e+03
7.244725539650481551e+03
7.251843247872690881e+03
7.258939846015053263e+03
7.266015436623510141e+03
7.273070121561934684e+03
7.280104002017809762e+03
