# d_l
0.000000000000000000e+00
4.389399121402947657e+01
8.845757023908029737e+01
1.336835630424074850e+02
1.795648106950300473e+02
2.260941722407011127e+02
2.732645274857684967e+02
3.210687797076973311e+02
3.694998582803005434e+02
4.185507212139675062e+02
4.682143576094624109e+02
5.184837900240883073e+02
5.693520767492786945e+02
6.208123139989015726e+02
6.728576380078083048e+02
7.254812270403460843e+02
7.786763033087999020e+02
8.324361348019086790e+02
8.867540370238011747e+02
9.416233746438767866e+02
9.970375630583215525e+02
1.052990069864123598e+03
1.109474416246592682e+03
1.166484178281537424e+03
1.224012988153363494e+03
1.282054535290511922e+03
1.340602567419728985e+03
1.399650891540778048e+03
1.459193374823302292e+03
1.519223945427599347e+03
1.579736593251169097e+03
1.640725370602944167e+03
1.702184392807155291e+03
1.764107838738875444e+03
1.826489951293251579e+03
1.889325037790527176e+03
1.952607470318952437e+03
2.016331686017699440e+03
2.080492187301902050e+03
2.145083542031963134e+03
2.210100383629242515e+03
2.275537411140272070e+03
2.341389389251571174e+03
2.407651148257178647e+03
2.474317583980975996e+03
2.541383657655809657e+03
2.608844395761491342e+03
2.676694889823587800e+03
2.744930296175016792e+03
2.813545835682306006e+03
2.882536793438434415e+03
2.951898518424054600e+03
3.021626423138902737e+03
3.091715983205112025e+03
3.162162736944192602e+03
3.232962284929216821e+03
3.304110289513935186e+03
3.375602474340287245e+03
3.447434623825834478e+03
3.519602582632618123e+03
3.592102255118747507e+03
3.664929604774183645e+03
3.738080653641951812e+03
3.811551481726065958e+03
3.885338226387375926e+03
3.959437081728499379e+03
4.033844297968941191e+03
4.108556180811482591e+03
4.183569090800851882e+03
4.258879442675656719e+03
4.334483704714521082e+03
4.410378398077283236e+03
4.486560096142161456e+03
4.563025423839610994e+03
4.639771056983738163e+03
4.716793721601897232e+03
4.794090193263236870e+03
4.871657296406830028e+03
4.949491903669945714e+03
5.027590935217160222e+03
5.105951358070741662e+03
5.184570185442883485e+03
5.263444476070299061e+03
5.342571333551542921e+03
5.421947905687581624e+03
5.501571383825967132e+03
5.581439002208970123e+03
5.661548037326079793e+03
5.741895807271114791e+03
5.822479671104313638e+03
5.903297028219646563e+03
5.984345317717592479e+03
6.065622017783663068e+03
6.147124645072836756e+03
6.228850754100115410e+03
6.310797936637426574e+03
6.392963821116930376e+03
6.475346072040993931e+03
6.557942389398890555e+03
6.640750508090327457e+03
6.723768197355992925e+03
6.806993260215074770e+03
6.890423532909958340e+03
6.974056884358095886e+03
7.057891215611085499e+03
7.141924459321065115e+03
7.226154579214411569e+03
7.310579569572759283e+03
7.395197454721378563e+03
7.480006288524905358e+03
7.565004153890448833e+03
7.650189162277995820e+03
7.735559453218183080e+03
7.821113193837378276e+03
7.906848578390004150e+03
7.992763827798135935e+03
8.078857189198313790e+03
8.165126935495495673e+03
8.251571364924109730e+03
8.338188800616240769e+03
8.424977590176753438e+03
8.511936105265380320e+03
8.599062741185725827e+03
8.686355916481068562e+03
8.773814072536915774e+03
8.861435673190244415e+03
8.949219204345383332e+03
9.037163173596374691e+03
9.125266109855843752e+03
9.213526562990253296e+03
9.301943103461431747e+03
9.390514321974353152e+03
9.479238829131047169e+03
9.568115255090599021e+03
9.657142249235090276e+03
9.746318479841454973e+03
9.835642633759180171e+03
9.925113416093683554e+03
1.001472954989536083e+04
1.010448977585421926e+04
1.019439285199995902e+04
1.028443755340742064e+04
1.037462267190743842e+04
1.046494701615875601e+04
1.055540941105780803e+04
1.064600869626851818e+04
1.073674372785672858e+04
1.082761337727493992e+04
1.091861653110321458e+04
1.100975209079484921e+04
1.110101897242663290e+04
1.119241610645374203e+04
1.128394243746909706e+04
1.137559692396715036e+04
1.146737853811199784e+04
1.155928626550975787e+04
1.165131910498517755e+04
1.174347606836228078e+04
1.183575618024912001e+04
1.192815847782647324e+04
1.202068201064041750e+04
1.211332584039874746e+04
1.220608904077117222e+04
1.229897069719314641e+04
1.239196990667332830e+04
1.248508577760465778e+04
1.257831742957883216e+04
1.267166399320423807e+04
1.276512460992724118e+04
1.285869843185679201e+04
1.295238462159220217e+04
1.304618235205414931e+04
1.314009080631877987e+04
1.323410917745482584e+04
1.332823666836376105e+04
1.342247249162288972e+04
1.351681586933127983e+04
1.361126603295855239e+04
1.370582222319642460e+04
1.380048368981300882e+04
1.389524969150970719e+04
1.399011949578078929e+04
1.408509237877550004e+04
1.418016762516267772e+04
1.427534452799785322e+04
1.437062238859276476e+04
1.446600051638723926e+04
1.456147822882337641e+04
1.465705485122207210e+04
1.475272971666172089e+04
1.484850216585911949e+04
1.494437154705254216e+04
1.504033721588692970e+04
1.513639853530108667e+04
1.523255487541697585e+04
1.532880561343096815e+04
1.542515013350702611e+04
1.552158782667181367e+04
1.561811809071169773e+04
1.571474033007156322e+04
1.581145395575539078e+04
1.590825838522870254e+04
1.600515304232264680e+04
1.610213735713980350e+04
1.619921076596167404e+04
1.629637271115781004e+04
1.639362264109648459e+04
1.649096001005699145e+04
1.658838427814347961e+04
1.668589491120024468e+04
1.678349138072857750e+04
1.688117316380497869e+04
1.697893974300086848e+04
1.707679060630365348e+04
1.717472524703916861e+04
1.727274316379546508e+04
1.737084386034790805e+04
1.746902684558556211e+04
1.756729163343887922e+04
1.766563774280854705e+04
1.776406469749564349e+04
1.786257202613292975e+04
1.796115926211732949e+04
1.805982594354356843e+04
1.815857161313891629e+04
1.825739581819904924e+04
1.835629811052500008e+04
1.845527804636114161e+04
1.855433518633428685e+04
1.865346909539369517e+04
1.875267934275219159e+04
1.885196550182822102e+04
1.895132715018885574e+04
1.905076386949378502e+04
1.915027524544021435e+04
1.924986086770865950e+04
1.934952032990970110e+04
1.944925322953151408e+04
1.954905916788836839e+04
1.964893775006988290e+04
1.974888858489115955e+04
1.984891128484373621e+04
1.994900546604729971e+04
2.004917074820221751e+04
2.014940675454281882e+04
2.024971311179142867e+04
2.035008945011318428e+04
2.045053540307149888e+04
2.055105060758431136e+04
2.065163470388103087e+04
2.075228733546009607e+04
2.085300814904731305e+04
2.095379679455476798e+04
2.105465292504043828e+04
2.115557619666844766e+04
2.125656626866989609e+04
2.135762280330436988e+04
2.145874546582201583e+04
2.155993392442619370e+04
2.166118785023678356e+04
2.176250691725396246e+04
2.186389080232265042e+04
2.196533918509740397e+04
2.206685174800793538e+04
2.216842817622510483e+04
2.227006815762748738e+04
2.237177138276839469e+04
2.247353754484344608e+04
2.257536633965861256e+04
2.267725746559876279e+04
2.277921062359665302e+04
2.288122551710242260e+04
2.298330185205355519e+04
2.308543933684522563e+04
2.318763768230118148e+04
2.328989660164499583e+04
2.339221581047176733e+04
2.349459502672026792e+04
2.359703397064545425e+04
2.369953236479144471e+04
2.380208993396482401e+04
2.390470640520840971e+04
2.400738150777538976e+04
2.411011497310377308e+04
2.421290653479133107e+04
2.431575592857078664e+04
2.441866289228543974e+04
2.452162716586512761e+04
2.462464849130252696e+04
2.472772661262977635e+04
2.483086127589549869e+04
2.493405222914207116e+04
2.503729922238330619e+04
2.514060200758235806e+04
2.524396033863003686e+04
2.534737397132335900e+04
2.545084266334443237e+04
2.555436617423966891e+04
2.565794426539919732e+04
2.576157670003667954e+04
2.586526324316933460e+04
2.596900366159823170e+04
2.607279772388898346e+04
2.617664520035249006e+04
2.628054586302613461e+04
2.638449948565522573e+04
2.648850584367453848e+04
2.659256471419031004e+04
2.669667587596234443e+04
2.680083910938640838e+04
2.690505419647689268e+04
2.700932092084968099e+04
2.711363906770518952e+04
2.721800842381180701e+04
2.732242877748937099e+04
2.742689991859296424e+04
2.753142163849693679e+04
2.763599373007909526e+04
2.774061598770511409e+04
2.784528820721319426e+04
2.795001018589888918e+04
2.805478172250009811e+04
2.815960261718237234e+04
2.826447267152428685e+04
2.836939168850304486e+04
2.847435947248037701e+04
2.857937582918841508e+04
2.868444056571592591e+04
2.878955349049470897e+04
2.889471441328602305e+04
2.899992314516739134e+04
2.910517949851942831e+04
2.921048328701288119e+04
2.931583432559587891e+04
2.942123243048128643e+04
2.952667741913422287e+04
2.963216911025979789e+04
2.973770732379094989e+04
2.984329188087641887e+04
2.994892260386895941e+04
3.005459931631362269e+04
3.016032184293617684e+04
3.026609000963176732e+04
3.037190364345363196e+04
3.047776257260194689e+04
3.058366662641290895e+04
3.068961563534785091e+04
3.079560943098252392e+04
3.090164784599658742e+04
3.100773071416306630e+04
3.111385787033806628e+04
3.122002915045065674e+04
3.132624439149266982e+04
3.143250343150885965e+04
3.153880610958704710e+04
3.164515226584835909e+04
3.175154174143773707e+04
3.185797437851440191e+04
3.196445002024248606e+04
3.207096851078182954e+04
3.217752969527882306e+04
3.228413341985735678e+04
3.239077953160994002e+04
3.249746787858887546e+04
3.260419830979752442e+04
3.271097067518172480e+04
3.281778482562129648e+04
3.292464061292159022e+04
3.303153788980522950e+04
3.313847650990388502e+04
3.324545632775011472e+04
3.335247719876944757e+04
3.345953897927234357e+04
3.356664152644640126e+04
3.367378469834867428e+04
3.378096835389790067e+04
3.388819235286701587e+04
3.399545655587568763e+04
3.410276082438281446e+04
3.421010502067932248e+04
3.431748900788089668e+04
3.442491264992082870e+04
3.453237581154294458e+04
3.463987835829466349e+04
3.474742015652002010e+04
3.485500107335289795e+04
3.496262097671024094e+04
3.507027973528537404e+04
3.517797721854143310e+04
3.528571329670480918e+04
3.539348784075865842e+04
3.550130072243660834e+04
3.560915181421634770e+04
3.571704098931339104e+04
3.582496812167499593e+04
3.593293308597393479e+04
3.604093575760247768e+04
3.614897601266651327e+04
3.625705372797948803e+04
3.636516878105662909e+04
3.647332105010922533e+04
