# d_v
0.000000000000000000e+00
4.342540006759028870e+01
8.658653028305334942e+01
1.294812794916004179e+02
1.721076505488318276e+02
2.144637601942653760e+02
2.565478387646598435e+02
2.983582297526588150e+02
3.398933892165259181e+02
3.811518850469409472e+02
4.221323960970214557e+02
4.628337111818658514e+02
5.032547279540455634e+02
5.433944516615592875e+02
5.832519937948284223e+02
6.228265706293394715e+02
6.621175016705606140e+02
7.011242080077375931e+02
7.398462105831434883e+02
7.782831283832929330e+02
8.164346765585552248e+02
8.543006644775045970e+02
8.918809937222339386e+02
9.291756560307236441e+02
9.661847311922145991e+02
1.002908384901382306e+03
1.039346866576938510e+03
1.075500507150103431e+03
1.111369716828218543e+03
1.146954982838565456e+03
1.182256867157255556e+03
1.217276004227868270e+03
1.252013098674279036e+03
1.286468923011944753e+03
1.320644315361663757e+03
1.354540177169646313e+03
1.388157470937504058e+03
1.421497217965559457e+03
1.454560496112668488e+03
1.487348437575540174e+03
1.519862226690344642e+03
1.552103097759185630e+03
1.584072332903833058e+03
1.615771259948908437e+03
1.647201250336556086e+03
1.678363717074409124e+03
1.709260112718545088e+03
1.739891927392893649e+03
1.770260686846464523e+03
1.800367950549542456e+03
1.830215309829908620e+03
1.859804386049961295e+03
1.889136828825498014e+03
1.918214314286775789e+03
1.947038543382375110e+03
1.975611240226224709e+03
2.003934150488099476e+03
2.032009039827745028e+03
2.059837692372715537e+03
2.087421909239933029e+03
2.114763507100835341e+03
2.141864316789983604e+03
2.168726181956855271e+03
2.195350957760515939e+03
2.221740509606799606e+03
2.247896711927560318e+03
2.273821447001511842e+03
2.299516603816120096e+03
2.324984076969974922e+03
2.350225765615025466e+03
2.375243572438028878e+03
2.400039402680530657e+03
2.424615163196673166e+03
2.448972761548086964e+03
2.473114105135134650e+03
2.497041100363707301e+03
2.520755651846819546e+03
2.544259661640182912e+03
2.567555028510957072e+03
2.590643647238877293e+03
2.613527407948925429e+03
2.636208195474725017e+03
2.658687888751859191e+03
2.680968360240255606e+03
2.703051475374858001e+03
2.724939092043750406e+03
2.746633060092922278e+03
2.768135220856896467e+03
2.789447406714401041e+03
2.810571440668323703e+03
2.831509135949158008e+03
2.852262295641192395e+03
2.872832712330680351e+03
2.893222167775265007e+03
2.913432432593917383e+03
2.933465265976693445e+03
2.953322415413594172e+03
2.973005616441857910e+03
2.992516592411013789e+03
3.011857054265027728e+03
3.031028700340924388e+03
3.050033216183238892e+03
3.068872274373701657e+03
3.087547534375561099e+03
3.106060642391956208e+03
3.124413231237790569e+03
3.142606920224547594e+03
3.160643315057518066e+03
3.178524007744926621e+03
3.196250576518443722e+03
3.213824585764612493e+03
3.231247585966692895e+03
3.248521113656492162e+03
3.265646691375711725e+03
3.282625827646400012e+03
3.299460016950079080e+03
3.316150739715154032e+03
3.332699462312206379e+03
3.349107637056796648e+03
3.365376702219423350e+03
3.381508082042264050e+03
3.397503186762382484e+03
3.413363412641057039e+03
3.429090141998930449e+03
3.444684743256658749e+03
3.460148570980781642e+03
3.475482965934526419e+03
3.490689255133265306e+03
3.505768751904381588e+03
3.520722755951278941e+03
3.535552553421292487e+03
3.550259416977278761e+03
3.564844605872649481e+03
3.579309366029644025e+03
3.593654930120627796e+03
3.607882517652215483e+03
3.621993335052047314e+03
3.635988575758011393e+03
3.649869420309752059e+03
3.663637036442300996e+03
3.677292579181657857e+03
3.690837190942176221e+03
3.704272001625606663e+03
3.717598157853424709e+03
3.730816706954738947e+03
3.743928770618320414e+03
3.756935429714278143e+03
3.769837753115469695e+03
3.782636797803741047e+03
3.795333608976961841e+03
3.807929220156755036e+03
3.820424653296823180e+03
3.832820918891780821e+03
3.845119016086402098e+03
3.857319932785203491e+03
3.869424645762278033e+03
3.881434120771314610e+03
3.893349312655718222e+03
3.905171165458768883e+03
3.916900612533760523e+03
3.928538576654046665e+03
3.940085970122946037e+03
3.951543694883443550e+03
3.962912642627646619e+03
3.974193694905931807e+03
3.985387723235754038e+03
3.996495589210057915e+03
4.007518144605261114e+03
4.018456231488763024e+03
4.029310682325953167e+03
4.040082320086673008e+03
4.050771958351105241e+03
4.061380401415062352e+03
4.071908444394638991e+03
4.082356873330215876e+03
4.092726465289767020e+03
4.103017988471479839e+03
4.113232202305634019e+03
4.123369857555740964e+03
4.133431696418921092e+03
4.143418452625502141e+03
4.153330851537812123e+03
4.163169610248176468e+03
4.172935437676080255e+03
4.182629034664505525e+03
4.192251094075418223e+03
4.201802300884403849e+03
4.211283332274441818e+03
4.220694857728806710e+03
4.230037539123093666e+03
4.239312030816366132e+03
4.248518979741410476e+03
4.257659025494107482e+03
4.266732800421898901e+03
4.275740929711368153e+03
4.284684031474918811e+03
4.293562716836547224e+03
4.302377590016726572e+03
4.311129248416378687e+03
4.319818282699954580e+03
4.328445276877611832e+03
4.337010808386493409e+03
4.345515448171115167e+03
4.353959760762857513e+03
4.362344304358565751e+03
4.370669630898267314e+03
4.378936286141999517e+03
4.387144809745763268e+03
4.395295735336600046e+03
4.403389590586788472e+03
4.411426897287196880e+03
4.419408171419748214e+03
4.427333923229047286e+03
4.435204657293147648e+03
4.443020872593487184e+03
4.450783062583962419e+03
4.458491715259197008e+03
4.466147313221956210e+03
4.473750333749772835e+03
4.481301248860724627e+03
4.488800525378437669e+03
4.496248624996267608e+03
4.503646004340697800e+03
4.510993115033950744e+03
4.518290403755818261e+03
4.525538312304724059e+03
4.532737277658017774e+03
4.539887732031516862e+03
4.546990102938292694e+03
4.554044813246723606e+03
4.561052281237800344e+03
4.568012920661725730e+03
4.574927140793768558e+03
4.581795346489425356e+03
4.588617938238870011e+03
4.595395312220708547e+03
4.602127860355042685e+03
4.608815970355855825e+03
4.615460025782722369e+03
4.622060406091846744e+03
4.628617486686454868e+03
4.635131638966520768e+03
4.641603230377862928e+03
4.648032624460589432e+03
4.654420180896929196e+03
4.660766255558431112e+03
4.667071200552558366e+03
4.673335364268661579e+03
4.679559091423374412e+03
4.685742723105393452e+03
4.691886596819692386e+03
4.697991046531145912e+03
4.704056402707592497e+03
4.710082992362325967e+03
4.716071139096037768e+03
4.722021163138203519e+03
4.727933381387929330e+03
4.733808107454268793e+03
4.739645651695997003e+03
4.745446321260879813e+03
4.751210420124413758e+03
4.756938249128066673e+03
4.762630106017007165e+03
4.768286285477348429e+03
4.773907079172895465e+03
4.779492775781413911e+03
4.785043661030419571e+03
4.790560017732499546e+03
4.796042125820167712e+03
4.801490262380263630e+03
4.806904701687900342e+03
4.812285715239964702e+03
4.817633571788176596e+03
4.822948537371718885e+03
4.828230875349434427e+03
4.833480846431603823e+03
4.838698708711301151e+03
4.843884717695345898e+03
4.849039126334844696e+03
4.854162185055331065e+03
4.859254141786516811e+03
4.864315241991645962e+03
4.869345728696471269e+03
4.874345842517848723e+03
4.879315821691953715e+03
4.884255902102142500e+03
4.889166317306429846e+03
4.894047298564626544e+03
4.898899074865113107e+03
4.903721872951260593e+03
4.908515917347524919e+03
4.913281430385177373e+03
4.918018632227719536e+03
4.922727740895958959e+03
4.927408972292761973e+03
4.932062540227480895e+03
4.936688656440072918e+03
4.941287530624896135e+03
4.945859370454204509e+03
4.950404381601338173e+03
4.954922767763609045e+03
4.959414730684897222e+03
4.963880470177949064e+03
4.968320184146396969e+03
4.972734068606482651e+03
4.977122317708513947e+03
4.981485123758037844e+03
4.985822677236739764e+03
4.990135166823085456e+03
4.994422779412682758e+03
4.998685700138395987e+03
5.002924112390198388e+03
5.007138197834760831e+03
5.011328136434813132e+03
5.015494106468232530e+03
5.019636284546912066e+03
5.023754845635366109e+03
5.027849963069115802e+03
5.031921808572843474e+03
5.035970552278292416e+03
5.039996362741975645e+03
5.043999406962624562e+03
5.047979850398445706e+03
5.051937856984139216e+03
5.055873589147717212e+03
5.059787207827098428e+03
5.063678872486500950e+03
5.067548741132629402e+03
5.071396970330654767e+03
5.075223715219991391e+03
5.079029129529888451e+03
5.082813365594811330e+03
5.086576574369642003e+03
5.090318905444681150e+03
5.094040507060471100e+03
5.097741526122427786e+03
5.101422108215294429e+03
5.105082397617413335e+03
5.108722537314823967e+03
5.112342669015183674e+03
5.115942933161511974e+03
5.119523468945775676e+03
5.123084414322296652e+03
5.126625906020999537e+03
5.130148079560495717e+03
5.133651069260997247e+03
5.137135008257092522e+03
5.140600028510348238e+03
5.144046260821753094e+03
5.147473834844032353e+03
5.150882879093785959e+03
5.154273520963496594e+03
5.157645886733384941e+03
5.161000101583115793e+03
5.164336289603371370e+03
5.167654573807280940e+03
5.170955076141704922e+03
5.174237917498392562e+03
5.177503217725000468e+03
5.180751095635978345e+03
5.183981669023321047e+03
5.187195054667194199e+03
5.190391368346434319e+03
5.193570724848916143e+03
5.196733237981804450e+03
5.199879020581672194e+03
5.203008184524508579e+03
5.206120840735604361e+03
5.209217099199309814e+03
5.212297068968696294e+03
5.215360858175082285e+03
5.218408574037458493e+03
5.221440322871801072e+03
5.224456210100264798e+03
5.227456340260284378e+03
5.230440817013552078e+03
5.233409743154894386e+03
5.236363220621055007e+03
5.239301350499353248e+03
5.242224233036264195e+03
5.245131967645884288e+03
5.248024652918294123e+03
5.250902386627840315e+03
5.253765265741305484e+03
5.256613386425989120e+03
5.259446844057692033e+03
5.262265733228613499e+03
5.265070147755151083e+03
5.267860180685609521e+03
5.270635924307829555e+03
5.273397470156717645e+03
5.276144909021688363e+03
5.278878330954039484e+03
5.281597825274215211e+03
5.284303480579008465e+03
5.286995384748665856e+03
5.289673624953927174e+03
5.292338287662956645e+03
5.294989458648234177e+03
5.297627222993331998e+03
5.300251665099631282e+03
