# f_ap
0.000000000000000000e+00
1.004781761616003154e-02
2.014206549271027255e-02
3.028392659955505065e-02
4.047457072633778297e-02
5.071515398467374425e-02
6.100681833897520639e-02
7.135069116572682890e-02
8.174788484101076780e-02
9.219949635601862314e-02
1.027066069602404069e-01
1.132702818319615279e-01
1.238915697756583500e-01
1.345715029458322831e-01
1.453110965967885637e-01
1.561113488578186048e-01
1.669732405332182701e-01
1.778977349265386809e-01
1.888857776884411976e-01
1.999382966875001555e-01
2.110562019032762582e-01
2.222403853409665453e-01
2.334917209669192251e-01
2.448110646642894794e-01
2.561992542081001911e-01
2.676571092589677403e-01
2.791854313747450522e-01
2.907850040393307189e-01
3.024565927078950445e-01
3.142009448677761108e-01
3.260187901142962419e-01
3.379108402407636769e-01
3.498777893419237617e-01
3.619203139301401806e-01
3.740390730635888561e-01
3.862347084857635782e-01
3.985078447756086883e-01
4.108590895075978633e-01
4.232890334211041328e-01
4.357982505984138721e-01
4.483872986507571046e-01
4.610567189117499298e-01
4.738070366376444520e-01
4.866387612138238783e-01
4.995523863669798503e-01
5.125483903824359366e-01
5.256272363261046410e-01
5.387893722705684452e-01
5.520352315248171493e-01
5.653652328671737726e-01
5.787797807809694772e-01
5.922792656925481847e-01
6.058640642111946528e-01
6.195345393705986581e-01
6.332910408715043404e-01
6.471339053251707885e-01
6.610634564973375538e-01
6.750800055523750176e-01
6.891838512973120778e-01
7.033752804254860269e-01
7.176545677595213002e-01
7.320219764934230433e-01
7.464777584335250404e-01
7.610221542380907200e-01
7.756553936553614026e-01
7.903776957598639408e-01
8.051892691867954532e-01
8.200903123643320525e-01
8.350810137437070235e-01
8.501615520269165671e-01
8.653320963919352016e-01
8.805928067153154792e-01
8.959438337920740958e-01
9.113853195527639173e-01
9.269173972776488801e-01
9.425401918079032715e-01
9.582538197537705527e-01
9.740583896996178881e-01
9.899540024058356424e-01
1.005940751007540879e+00
1.022018721210040226e+00
1.038187991481027250e+00
1.054448633239490229e+00
1.070800711041303810e+00
1.087244282761496983e+00
1.103779399773195502e+00
1.120406107123218753e+00
1.137124443704351062e+00
1.153934442424278783e+00
1.170836130371211814e+00
1.187829528976199978e+00
1.204914654172156263e+00
1.222091516549619339e+00
1.239360121509262669e+00
1.256720469411189089e+00
1.274172555721031719e+00
1.291716371152892950e+00
1.309351901809155283e+00
1.327079129317202177e+00
1.344898030963070479e+00
1.362808579822098576e+00
1.380810744886576291e+00
1.398904491190466892e+00
1.417089779931226312e+00
1.435366568588765102e+00
1.453734811041595520e+00
1.472194457680215285e+00
1.490745455517763940e+00
1.509387748297997156e+00
1.528121276600628686e+00
1.546945977944096162e+00
1.565861786885761608e+00
1.584868635119639046e+00
1.603966451571668728e+00
1.623155162492573522e+00
1.642434691548379400e+00
1.661804959908615764e+00
1.681265886332251158e+00
1.700817387251409851e+00
1.720459376852924827e+00
1.740191767157752478e+00
1.760014468098306750e+00
1.779927387593757127e+00
1.799930431623331328e+00
1.820023504297665573e+00
1.840206507928244362e+00
1.860479343094983085e+00
1.880841908711973431e+00
1.901294102091456661e+00
1.921835819006053159e+00
1.942466953749284242e+00
1.963187399194439520e+00
1.983997046851814439e+00
2.004895786924371315e+00
2.025883508361843610e+00
2.046960098913334303e+00
2.068125445178443655e+00
2.089379432656951696e+00
2.110721945797106702e+00
2.132152868042537897e+00
2.153672081877834543e+00
2.175279468872822974e+00
2.196974909725585512e+00
2.218758233073985675e+00
2.240629419867854910e+00
2.262588297792505365e+00
2.284634744464848488e+00
2.306768636827141616e+00
2.328989851183039583e+00
2.351298263232570296e+00
2.373693748106084467e+00
2.396176180397201705e+00
2.418745434194773392e+00
2.441401383113892098e+00
2.464143900325975522e+00
2.486972862672808482e+00
2.509888134403359672e+00
2.532889591566698240e+00
2.555977105842622610e+00
2.579150548604575377e+00
2.602409790944633539e+00
2.625754703697759318e+00
2.649185157465279605e+00
2.672701022637645973e+00
2.696302169416483263e+00
2.719988467835952495e+00
2.743759787783448534e+00
2.767615999019626294e+00
2.791556971197810100e+00
2.815582575397111320e+00
2.839692678099527523e+00
2.863887150244916580e+00
2.888165861239243792e+00
2.912528680469243181e+00
2.936975477318363392e+00
2.961506121182206019e+00
2.986120481483429234e+00
3.010818427686182908e+00
3.035599829310059228e+00
3.060464555943565035e+00
3.085412477257158503e+00
3.110443463015830190e+00
3.135557383091272854e+00
3.160754107473621399e+00
3.186033506282792693e+00
3.211395454834690799e+00
3.236839813479909012e+00
3.262366457798211439e+00
3.287975258534386214e+00
3.313666086614051931e+00
3.339438813152790786e+00
3.365293309464979288e+00
3.391229447072280578e+00
3.417247097711831660e+00
3.443346133344125093e+00
3.469526426160605581e+00
3.495787848590961477e+00
3.522130273310168480e+00
3.548553573245235349e+00
3.575057621581714251e+00
3.601642291769924675e+00
3.628307457530977054e+00
3.655052992862514394e+00
3.681878772044241188e+00
3.708784669643228504e+00
3.735770562945281537e+00
3.762836322275807444e+00
3.789981825498857759e+00
3.817206948379712195e+00
3.844511566994362362e+00
3.871895557733610715e+00
3.899358797306961666e+00
3.926901162746345708e+00
3.954522531409673469e+00
3.982222780984216559e+00
4.010001789489838764e+00
4.037859435282045162e+00
4.065795597054910004e+00
4.093810153843845612e+00
4.121902985028205180e+00
4.150073970333790108e+00
4.178322989835181467e+00
4.206649923957970216e+00
4.235054653480845310e+00
4.263537060064403583e+00
4.292097024086223733e+00
4.320734427979246561e+00
4.349449153952998692e+00
4.378241084578804454e+00
4.407110102791188311e+00
4.436056092999364431e+00
4.465078936656287745e+00
4.494178518895211916e+00
4.523354724115601577e+00
4.552607437085712583e+00
4.581936542943444657e+00
4.611341927197107893e+00
4.640823475726089775e+00
4.670381074781484010e+00
4.700014610986590569e+00
4.729723971337389976e+00
4.759509043202922562e+00
4.789369714325585115e+00
4.819305872821409764e+00
4.849317407180210537e+00
4.879404209872523879e+00
4.909566162948436840e+00
4.939803159600574922e+00
4.970115089814565401e+00
5.000501843949868963e+00
5.030963312739586968e+00
5.061499387290275820e+00
5.092109959081674297e+00
5.122794919966385585e+00
5.153554162169553976e+00
5.184387578288419896e+00
5.215295061291923773e+00
5.246276504520196227e+00
5.277331801684039370e+00
5.308460846864373472e+00
5.339663534511640997e+00
5.370939759445158224e+00
5.402289416852469550e+00
5.433712403962580595e+00
5.465208613360595713e+00
5.496777942997193023e+00
5.528420289525479703e+00
5.560135549962960333e+00
5.591923621690702007e+00
5.623784402452473685e+00
5.655717790353824270e+00
5.687723683861161561e+00
5.719801981800841872e+00
5.751952583358153959e+00
5.784175388076356228e+00
5.816470295855655337e+00
5.848837206952186563e+00
5.881276021976957757e+00
5.913786641894787088e+00
5.946368968023205248e+00
5.979022902031379871e+00
6.011748345938976890e+00
6.044545206454535524e+00
6.077413377643181569e+00
6.110352766881984365e+00
6.143363277581189053e+00
6.176444813495758801e+00
6.209597278724172220e+00
6.242820577707224317e+00
6.276114615226795479e+00
6.309479296404644444e+00
6.342914526701150635e+00
6.376420211914079594e+00
6.409996258177327100e+00
6.443642571959645515e+00
6.477359060063392349e+00
6.511145629623237063e+00
6.545002188104893648e+00
6.578928643303817658e+00
6.612924903343904148e+00
6.646990876676213134e+00
6.681126472077634659e+00
6.715331598649615152e+00
6.749606165816802950e+00
6.783950083325742675e+00
6.818363262852733975e+00
6.852845611575013152e+00
6.887397041796933905e+00
6.922017464539416132e+00
6.956706791138653756e+00
6.991464933244786017e+00
7.026291802820540333e+00
7.061187312139916905e+00
7.096151373786835137e+00
7.131183900653824459e+00
7.166284805940643210e+00
7.201454003152972128e+00
7.236691406101076751e+00
7.271996928898444956e+00
7.307370485960474227e+00
7.342811992003123400e+00
7.378321362041561748e+00
7.413898511388867796e+00
7.449543355654673960e+00
7.485255810743823623e+00
7.521035792855073510e+00
7.556883218479731212e+00
7.592798004400333589e+00
7.628780067689352684e+00
7.664829325707835039e+00
7.700945696104100513e+00
7.737129096812418005e+00
7.773379451452735900e+00
7.809696667753224908e+00
7.846080669871210667e+00
7.882531376871639850e+00
7.919048708098882727e+00
7.955632583175410666e+00
7.992282922000494061e+00
8.028999644748937570e+00
8.065782671869772713e+00
8.102631924084960247e+00
8.139547322388139605e+00
8.176528788043329499e+00
8.213576242583659592e+00
8.250689607810100412e+00
8.287868805790205684e+00
8.325113758856828028e+00
8.362424389606914588e+00
8.399800620900174764e+00
8.437242375857900711e+00
8.474749577861711458e+00
8.512322150552284583e+00
8.549960017828139414e+00
8.587663103844425549e+00
8.625431333011658097e+00
8.663264629994541721e+00
8.701162919710727195e+00
8.739126127329601701e+00
8.777154178271091567e+00
8.815246998204479212e+00
8.853404513047161473e+00
8.891626648963502078e+00
8.929913332363636158e+00
8.968264492470707339e+00
9.006680051058031822e+00
9.045159937822363716e+00
9.083704080145139415e+00
9.122312405647722500e+00
9.160984842190231348e+00
9.199721317870389825e+00
9.238521761022395751e+00
9.277386100215784026e+00
9.316314264254279109e+00
9.355306182174672358e+00
9.394361783245699371e+00
9.433480996966922660e+00
9.472663753067640968e+00
9.511909981505722200e+00
9.551219612466580244e+00
9.590592576362023891e+00
9.630028803829171480e+00
9.669528225729399296e+00
9.709090773147222464e+00
9.748716377389239796e+00
9.788404969983064419e+00
9.828156482676257966e+00
9.867970847435254100e+00
9.907847996444344219e+00
9.947787862104604528e+00
9.987790377032823130e+00
1.002785547406054434e+01
1.006798308623295135e+01
1.010817314680788215e+01
1.014842558925483473e+01
1.018874034725387645e+01
1.022911735469468120e+01
1.026955654567555420e+01
1.031005785450236800e+01
1.035062121568758364e+01
1.039124656394931456e+01
