# h
2.301592256850472189e-04
2.312058372244431270e-04
2.322685763390094145e-04
2.333474286748401052e-04
2.344423768193747918e-04
2.355534003833480573e-04
2.366804760835007106e-04
2.378235778259044910e-04
2.389826767897510016e-04
2.401577415114630287e-04
2.413487379689887137e-04
2.425556296661431847e-04
2.437783777168700929e-04
2.450169409292951182e-04
2.462712758894547828e-04
2.475413370445846725e-04
2.488270767858575877e-04
2.501284455304697910e-04
2.514453918029760111e-04
2.527778623157818589e-04
2.541258020487058896e-04
2.554891543275317851e-04
2.568678609014734605e-04
2.582618620194844115e-04
2.596710965053459792e-04
2.610955018314763641e-04
2.625350141914049341e-04
2.639895685708649326e-04
2.654590988174594852e-04
2.669435377088632297e-04
2.684428170195246014e-04
2.699568675858398823e-04
2.714856193697738054e-04
2.730290015209061133e-04
2.745869424368872682e-04
2.761593698222899215e-04
2.777462107458484458e-04
2.793473916960800244e-04
2.809628386352842617e-04
2.825924770519246771e-04
2.842362320113933812e-04
2.858940282051680975e-04
2.875657899983681976e-04
2.892514414757247645e-04
2.909509064859757983e-04
2.926641086847047248e-04
2.943909715756396080e-04
2.961314185504327441e-04
2.978853729269430274e-04
2.996527579860436383e-04
3.014334970069785808e-04
3.032275133012957168e-04
3.050347302453806377e-04
3.068550713116202124e-04
3.086884600982251945e-04
3.105348203577373129e-04
3.123940760242550517e-04
3.142661512394057674e-04
3.161509703770938508e-04
3.180484580670591929e-04
3.199585392172726818e-04
3.218811390352039128e-04
3.238161830479894632e-04
3.257635971215344195e-04
3.277233074785779513e-04
3.296952407157546414e-04
3.316793238196802515e-04
3.336754841820953701e-04
3.356836496140954036e-04
3.377037483594766713e-04
3.397357091072297211e-04
3.417794610032071881e-04
3.438349336609967705e-04
3.459020571720250719e-04
3.479807621149233737e-04
3.500709795641788091e-04
3.521726410981012440e-04
3.542856788061290096e-04
3.564100252955006501e-04
3.585456136973180514e-04
3.606923776720229093e-04
3.628502514143140201e-04
3.650191696575251260e-04
3.671990676774883073e-04
3.693898812959026524e-04
3.715915468832326559e-04
3.738040013611540697e-04
3.760271822045692185e-04
3.782610274432103722e-04
3.805054756628509075e-04
3.827604660061430719e-04
3.850259381730972543e-04
3.873018324212250461e-04
3.895880895653573120e-04
3.918846509771578166e-04
3.941914585843450929e-04
3.965084548696393022e-04
3.988355828694472053e-04
4.011727861723009118e-04
4.035200089170619528e-04
4.058771957909060204e-04
4.082442920270975889e-04
4.106212434025704626e-04
4.130079962353227097e-04
4.154044973816381774e-04
4.178106942331458640e-04
4.202265347137263112e-04
4.226519672762761820e-04
4.250869408993393191e-04
4.275314050836127953e-04
4.299853098483405857e-04
4.324486057275969231e-04
4.349212437664726162e-04
4.374031755171708382e-04
4.398943530350156905e-04
4.423947288743873660e-04
4.449042560845849962e-04
4.474228882056258019e-04
4.499505792639861839e-04
4.524872837682918027e-04
4.550329567049602245e-04
4.575875535338017703e-04
4.601510301835854007e-04
4.627233430475727240e-04
4.653044489790244122e-04
4.678943052866849322e-04
4.704928697302485216e-04
4.731001005158104174e-04
4.757159562913070819e-04
4.783403961419499767e-04
4.809733795856540239e-04
4.836148665684665018e-04
4.862648174599964275e-04
4.889231930488511504e-04
4.915899545380780951e-04
4.942650635406178883e-04
4.969484820747702798e-04
4.996401725596734530e-04
5.023400978108014418e-04
5.050482210354792197e-04
5.077645058284194733e-04
5.104889161672794334e-04
5.132214164082454615e-04
5.159619591872235738e-04
5.187105337086532529e-04
5.214670934280158255e-04
5.242316041719636546e-04
5.270040321239965759e-04
5.297843438202172461e-04
5.325725061451179335e-04
5.353684863274000508e-04
5.381722519358293592e-04
5.409837708751256491e-04
5.438030113818875496e-04
5.466299420205540920e-04
5.494645316794029202e-04
5.523067495665873140e-04
5.551565652062076918e-04
5.580139484344255043e-04
5.608788693956126906e-04
5.637512985385407073e-04
5.666312066126093488e-04
5.695185646641149225e-04
5.724133440325569148e-04
5.753155163469850968e-04
5.782250535223864207e-04
5.811419277561120315e-04
5.840661115243432015e-04
5.869975775785972721e-04
5.899362989422756625e-04
5.928822489072480906e-04
5.958354010304798372e-04
5.987957291306966311e-04
6.017632072850900848e-04
6.047378098260616178e-04
6.077195113380079059e-04
6.107082866541418921e-04
6.137041108533556472e-04
6.167069592571210700e-04
6.197168074264282085e-04
6.227336311587635884e-04
6.257574064851235615e-04
6.287881096670701548e-04
6.318257171938187946e-04
6.348702057793677734e-04
6.379215523596617598e-04
6.409797340897941233e-04
6.440447283412424357e-04
6.471165126991437625e-04
6.501950649596033478e-04
6.532803631270377772e-04
6.563723854115557617e-04
6.594711102263713402e-04
6.625765161852528598e-04
6.656885821000043746e-04
6.688072869779826055e-04
6.719326100196452338e-04
6.750645306161332394e-04
6.782030283468859803e-04
6.813480829772878243e-04
6.844996744563453537e-04
6.876577829144003493e-04
6.908223886608686869e-04
6.939934721820130610e-04
6.971710141387450895e-04
7.003549953644585364e-04
7.035453968628909392e-04
7.067421998060135352e-04
7.099453855319541465e-04
7.131549355429441352e-04
7.163708315032963660e-04
7.195930552374088648e-04
7.228215887277994857e-04
7.260564141131639962e-04
7.292975136864615930e-04
7.325448698930311009e-04
7.357984653287262533e-04
7.390582827380824150e-04
7.423243050125069402e-04
7.455965151884935997e-04
7.488748964458627044e-04
7.521594321060262730e-04
7.554501056302753183e-04
7.587469006180939122e-04
7.620498008054933095e-04
7.653587900633708994e-04
7.686738523958931181e-04
7.719949719388974427e-04
7.753221329583212746e-04
7.786553198486475180e-04
7.819945171313756388e-04
7.853397094535125630e-04
7.886908815860833085e-04
7.920480184226648184e-04
7.954111049779382259e-04
7.987801263862617188e-04
8.021550679002628116e-04
8.055359148894512171e-04
8.089226528388502582e-04
8.123152673476460601e-04
8.157137441278573429e-04
8.191180690030233202e-04
8.225282279069075350e-04
8.259442068822232721e-04
8.293659920793726307e-04
8.327935697552056550e-04
8.362269262717964870e-04
8.396660480952337219e-04
8.431109217944307132e-04
8.465615340399511649e-04
8.500178716028486013e-04
8.534799213535258951e-04
8.569476702606057452e-04
8.604211053898204540e-04
8.639002139029156903e-04
8.673849830565674799e-04
8.708754002013166517e-04
8.743714527805158607e-04
8.778731283292920060e-04
8.813804144735220940e-04
8.848932989288236291e-04
8.884117694995575815e-04
8.919358140778465335e-04
8.954654206426050774e-04
8.990005772585824657e-04
9.025412720754197879e-04
9.060874933267199427e-04
9.096392293291272581e-04
9.131964684814237012e-04
9.167591992636341938e-04
9.203274102361451567e-04
9.239010900388322685e-04
9.274802273902067653e-04
9.310648110865634743e-04
9.346548300011489055e-04
9.382502730833334635e-04
9.418511293578012231e-04
9.454573879237440420e-04
9.490690379540719359e-04
9.526860686946292010e-04
9.563084694634239793e-04
9.599362296498673659e-04
9.635693387140220568e-04
9.672077861858594536e-04
9.708515616645304290e-04
9.745006548176417304e-04
9.781550553805433337e-04
9.818147531556258804e-04
9.854797380116255955e-04
9.891499998829400477e-04
9.928255287689512817e-04
9.965063147333577329e-04
1.000192347903517418e-03
1.003883618469795028e-03
1.007580116684921815e-03
1.011281832863360469e-03
1.014988757380680829e-03
1.018700880672942111e-03
1.022418193236081848e-03
1.026140685625315241e-03
1.029868348454541669e-03
1.033601172395755318e-03
1.037339148178470331e-03
1.041082266589144238e-03
1.044830518470615463e-03
1.048583894721548219e-03
1.052342386295877178e-03
1.056105984202268403e-03
1.059874679503578984e-03
1.063648463316330551e-03
1.067427326810183215e-03
1.071211261207420141e-03
1.075000257782436673e-03
1.078794307861237044e-03
1.082593402820935429e-03
1.086397534089265015e-03
1.090206693144092935e-03
1.094020871512940826e-03
1.097840060772509087e-03
1.101664252548212189e-03
1.105493438513715067e-03
1.109327610390475373e-03
1.113166759947295916e-03
1.117010878999877537e-03
1.120859959410377407e-03
1.124713993086979029e-03
1.128572971983458125e-03
1.132436888098760884e-03
1.136305733476586756e-03
1.140179500204970605e-03
1.144058180415876563e-03
1.147941766284793627e-03
1.151830250030334499e-03
1.155723623913844844e-03
1.159621880239011023e-03
1.163525011351473253e-03
1.167433009638450033e-03
1.171345867528358897e-03
1.175263577490443662e-03
1.179186132034410785e-03
1.183113523710064858e-03
1.187045745106948434e-03
1.190982788853990094e-03
1.194924647619154253e-03
1.198871314109091609e-03
1.202822781068802176e-03
1.206779041281292458e-03
1.210740087567243250e-03
1.214705912784682642e-03
1.218676509828651869e-03
1.222651871630888723e-03
1.226631991159507929e-03
1.230616861418683261e-03
1.234606475448337022e-03
1.238600826323833001e-03
1.242599907155668773e-03
1.246603711089178850e-03
1.250612231304233917e-03
1.254625461014945717e-03
1.258643393469378001e-03
1.262666021949259429e-03
1.266693339769695394e-03
1.270725340278890678e-03
1.274762016857868430e-03
1.278803362920196513e-03
1.282849371911715152e-03
1.286900037310268917e-03
1.290955352625436977e-03
1.295015311398276360e-03
1.299079907201055890e-03
1.303149133637000745e-03
1.307222984340041796e-03
1.311301452974557779e-03
1.315384533235131135e-03
1.319472218846299508e-03
1.323564503562312672e-03
1.327661381166892049e-03
1.331762845472995007e-03
1.335868890322572432e-03
1.339979509586343865e-03
1.344094697163561144e-03
1.348214446981782456e-03
1.352338752996647044e-03
1.356467609191652724e-03
1.360601009577932109e-03
1.364738948194037281e-03
1.368881419105722527e-03
1.373028416405730088e-03
1.377179934213579402e-03
1.381335966675358495e-03
1.385496507963513433e-03
1.389661552276649260e-03
1.393831093839321186e-03
1.398005126901837470e-03
1.402183645740062972e-03
1.406366644655216184e-03
1.410554117973679715e-03
1.414746060046808600e-03
1.418942465250736668e-03
1.423143327986189184e-03
1.427348642678299626e-03
