# mu
-inf
3.321202536189412058e+01
3.473367502977723120e+01
3.563039006103629447e+01
3.627110616003254506e+01
3.677144684099872052e+01
3.718291629755874794e+01
3.753299038706843760e+01
3.783807138079772869e+01
3.810874047303924783e+01
3.835222363517293331e+01
3.857367591535975038e+01
3.877690454553306409e+01
3.896480161348595317e+01
3.913961593354332535e+01
3.930313089435621521e+01
3.945678479219899515e+01
3.960175462009860325e+01
3.973901587155677362e+01
3.986938615398175756e+01
3.999355760259963688e+01
4.011212137813279810e+01
4.022558646068585375e+01
4.033439426287722540e+01
4.043893013093254751e+01
4.053953249670960446e+01
4.063650023393076083e+01
4.073009862559019467e+01
4.082056424580638776e+01
4.090810898483331925e+01
4.099292339162578713e+01
4.107517946829704414e+01
4.115503302093154048e+01
4.123262564870049118e+01
4.130808643609336883e+01
4.138153339992001634e+01
4.145307473254699460e+01
4.152280987487566222e+01
4.159083044631162807e+01
4.165722105401855657e+01
4.172205999979696145e+01
4.178541989975748550e+01
4.184736822939820655e+01
4.190796780461842275e+01
4.196727720750556045e+01
4.202535116434152940e+01
4.208224088212922709e+01
4.213799434899065943e+01
4.219265660299993215e+01
4.224626997335506928e+01
4.229887429724097103e+01
4.235050711527057388e+01
4.240120384799932651e+01
4.245099795567487888e+01
4.249992108310146222e+01
4.254800319125656927e+01
4.259527267709144382e+01
4.264175648276921748e+01
4.268748019544190697e+01
4.273246813853599235e+01
4.277674345540189904e+01
4.282032818608391267e+01
4.286324333788094521e+01
4.290550895029353740e+01
4.294714415488667214e+01
4.298816723054078892e+01
4.302859565451272061e+01
4.306844614968390772e+01
4.310773472833422915e+01
4.314647673274517103e+01
4.318468687290538810e+01
4.322237926156473975e+01
4.325956744685885269e+01
4.329626444270451913e+01
4.333248275714759501e+01
4.336823441882771135e+01
4.340353100170893441e+01
4.343838364821205289e+01
4.347280309087160788e+01
4.350679967263018710e+01
4.354038336587220925e+01
4.357356379029093318e+01
4.360635022967407792e+01
4.363875164768637660e+01
4.367077670272075807e+01
4.370243376188395246e+01
4.373373091417689551e+01
4.376467598292550321e+01
4.379527653751284788e+01
4.382553990445984482e+01
4.385547317789777821e+01
4.388508322947276952e+01
4.391437671771906537e+01
4.394336009693542167e+01
4.397203962559619583e+01
4.400042137432638611e+01
4.402851123346782458e+01
4.405631492026172680e+01
4.408383798567095369e+01
4.411108582086367846e+01
4.413806366337875176e+01
4.416477660299151609e+01
4.419122958729758466e+01
4.421742742703092688e+01
4.424337480113143073e+01
4.426907626157622389e+01
4.429453623798799100e+01
4.431975904203262928e+01
4.434474887161795920e+01
4.436950981490420531e+01
4.439404585413655013e+01
4.441836086930916139e+01
4.444245864166972382e+01
4.446634285707275325e+01
4.449001710918963681e+01
4.451348490258278190e+01
4.453674965565072341e+01
4.455981470345084716e+01
4.458268330040578320e+01
4.460535862289928843e+01
4.462784377176701867e+01
4.465014177468741963e+01
4.467225558847746214e+01
4.469418810129785413e+01
4.471594213477202118e+01
4.473752044602299094e+01
4.475892572963182658e+01
4.478016061952152427e+01
4.480122769076959344e+01
4.482212946135265952e+01
4.484286839382615142e+01
4.486344689694201548e+01
4.488386732720716310e+01
4.490413199038533776e+01
4.492424314294481036e+01
4.494420299345431147e+01
4.496401370392941033e+01
4.498367739113153618e+01
4.500319612782146095e+01
4.502257194396939610e+01
4.504180682792342338e+01
4.506090272753787929e+01
4.507986155126356209e+01
4.509868516927504345e+01
4.511737541442157351e+01
4.513593408296721066e+01
4.515436293593766948e+01
4.517266369988383445e+01
4.519083806777256740e+01
4.520888769984878763e+01
4.522681422446985522e+01
4.524461923891344384e+01
4.526230431015977729e+01
4.527987097564935937e+01
4.529732074401701425e+01
4.531465509580311846e+01
4.533187548414304757e+01
4.534898333543537774e+01
4.536598004998984379e+01
4.538286700265574325e+01
4.539964554343139724e+01
4.541631699805545708e+01
4.543288266858072433e+01
4.544934383393101029e+01
4.546570175044168138e+01
4.548195765238453703e+01
4.549811275247741094e+01
4.551416824237924885e+01
4.553012529317085466e+01
4.554598505582216461e+01
4.556174866164620596e+01
4.557741722274033691e+01
4.559299183241519415e+01
4.560847356561170329e+01
4.562386347930660691e+01
4.563916261290681575e+01
4.565437198863310897e+01
4.566949261189328269e+01
4.568452547164534394e+01
4.569947154075091333e+01
4.571433177631921296e+01
4.572910712004190259e+01
4.574379849851910507e+01
4.575840682357687683e+01
4.577293299257637216e+01
4.578737788871498537e+01
4.580174238131969844e+01
4.581602732613296070e+01
4.583023356559115769e+01
4.584436192909606689e+01
4.585841323327943542e+01
4.587238828226092124e+01
4.588628786789949743e+01
4.590011277003868884e+01
4.591386375674565556e+01
4.592754158454446411e+01
4.594114699864352502e+01
4.595468073315757351e+01
4.596814351132422871e+01
4.598153604571525221e+01
4.599485903844285417e+01
4.600811318136092609e+01
4.602129915626156276e+01
4.603441763506690876e+01
4.604746928001644335e+01
4.606045474384988836e+01
4.607337466998586706e+01
4.608622969269637792e+01
4.609902043727716858e+01
4.611174752021433676e+01
4.612441154934693088e+01
4.613701312402595534e+01
4.614955283526971641e+01
4.616203126591567241e+01
4.617444899076879494e+01
4.618680657674671863e+01
4.619910458302153700e+01
4.621134356115850750e+01
4.622352405525167285e+01
4.623564660205646959e+01
4.624771173111948031e+01
4.625971996490528682e+01
4.627167181892060199e+01
4.628356780183570862e+01
4.629540841560327635e+01
4.630719415557459229e+01
4.631892551061341123e+01
4.633060296320720539e+01
4.634222698957624686e+01
4.635379805978024592e+01
4.636531663782279367e+01
4.637678318175368020e+01
4.638819814376891060e+01
4.639956197030885932e+01
4.641087510215422185e+01
4.642213797452006929e+01
4.643335101714792756e+01
4.644451465439607318e+01
4.645562930532782531e+01
4.646669538379822484e+01
4.647771329853881639e+01
4.648868345324083151e+01
4.649960624663664532e+01
4.651048207257959888e+01
4.652131132012230808e+01
4.653209437359330991e+01
4.654283161267233027e+01
4.655352341246393166e+01
4.656417014356982520e+01
4.657477217215971876e+01
4.658532986004082943e+01
4.659584356472598188e+01
4.660631363950048467e+01
4.661674043348763519e+01
4.662712429171302375e+01
4.663746555516759429e+01
4.664776456086951129e+01
4.665802164192486146e+01
4.666823712758717591e+01
4.667841134331588648e+01
4.668854461083365948e+01
4.669863724818263506e+01
4.670868956977969333e+01
4.671870188647061184e+01
4.672867450558325686e+01
4.673860773097985088e+01
4.674850186310818856e+01
4.675835719905198573e+01
4.676817403258028349e+01
4.677795265419595694e+01
4.678769335118335704e+01
4.679739640765509989e+01
4.680706210459798911e+01
4.681669071991814945e+01
4.682628252848533634e+01
4.683583780217647075e+01
4.684535680991838547e+01
4.685483981772983952e+01
4.686428708876277938e+01
4.687369888334286827e+01
4.688307545900934770e+01
4.689241707055415986e+01
4.690172397006044491e+01
4.691099640694025652e+01
4.692023462797179434e+01
4.692943887733589747e+01
4.693860939665187715e+01
4.694774642501285200e+01
4.695685019902037993e+01
4.696592095281857837e+01
4.697495891812756952e+01
4.698396432427651348e+01
4.699293739823594507e+01
4.700187836464961322e+01
4.701078744586584435e+01
4.701966486196830886e+01
4.702851083080633998e+01
4.703732556802468423e+01
4.704610928709281126e+01
4.705486219933376901e+01
4.706358451395246334e+01
4.707227643806362494e+01
4.708093817671913683e+01
4.708956993293512028e+01
4.709817190771841666e+01
4.710674430009275682e+01
4.711528730712441870e+01
4.712380112394754406e+01
4.713228594378905711e+01
4.714074195799307176e+01
4.714916935604509263e+01
4.715756832559567613e+01
4.716593905248377894e+01
4.717428172075977955e+01
4.718259651270808064e+01
4.719088360886934908e+01
4.719914318806247877e+01
4.720737542740614856e+01
4.721558050234008874e+01
4.722375858664596393e+01
4.723190985246800722e+01
4.724003447033327063e+01
4.724813260917164826e+01
4.725620443633545165e+01
4.726425011761888584e+01
4.727226981727702082e+01
4.728026369804464224e+01
4.728823192115473972e+01
4.729617464635671809e+01
4.730409203193433143e+01
4.731198423472341119e+01
4.731985141012926022e+01
4.732769371214377685e+01
4.733551129336242980e+01
4.734330430500087061e+01
4.735107289691133303e+01
4.735881721759881202e+01
4.736653741423703678e+01
4.737423363268410270e+01
4.738190601749796826e+01
4.738955471195173175e+01
4.739717985804860234e+01
4.740478159653674339e+01
4.741236006692383853e+01
4.741991540749152989e+01
4.742744775530950818e+01
4.743495724624956722e+01
4.744244401499935293e+01
4.744990819507592050e+01
4.745734991883915654e+01
4.746476931750495964e+01
4.747216652115825042e+01
4.747954165876581101e+01
4.748689485818893274e+01
4.749422624619586486e+01
4.750153594847416372e+01
4.750882408964275783e+01
4.751609079326397023e+01
4.752333618185524955e+01
4.753056037690085844e+01
4.753776349886329911e+01
4.754494566719463933e+01
4.755210700034771065e+01
4.755924761578704363e+01
4.756636762999977464e+01
4.757346715850634666e+01
4.758054631587105376e+01
4.758760521571248603e+01
4.759464397071378983e+01
4.760166269263282857e+01
4.760866149231217292e+01
4.761564047968897029e+01
4.762259976380470761e+01
4.762953945281481083e+01
4.763645965399810223e+01
4.764336047376622219e+01
4.765024201767278100e+01
4.765710439042254620e+01
4.766394769588038827e+01
4.767077203708016953e+01
4.767757751623349805e+01
4.768436423473841757e+01
4.769113229318784164e+01
4.769788179137808015e+01
4.770461282831709582e+01
4.771132550223269675e+01
4.771801991058069348e+01
4.772469615005283572e+01
4.773135431658474914e+01
4.773799450536369449e+01
4.774461681083627695e+01
4.775122132671604192e+01
4.775780814599096402e+01
4.776437736093087949e+01
4.777092906309474074e+01
4.777746334333789235e+01
4.778398029181916229e+01
4.779047999800792468e+01
4.779696255069102051e+01
4.780342803797964280e+01
4.780987654731612224e+01
