# rs_dv
inf
3.380017014462998404e+00
1.695166564689626343e+00
1.133589285374952516e+00
8.528301363725406814e-01
6.843981050941334576e-01
5.721295170331288649e-01
4.919542229822130852e-01
4.318371458375553917e-01
3.850921295331944938e-01
3.477074786143226071e-01
3.171302944064130491e-01
2.916586430991679468e-01
2.701142616372084193e-01
2.516555325140481525e-01
2.356652686477463399e-01
2.216805789274365612e-01
2.093474870956074374e-01
1.983906776688463269e-01
1.885927957775689612e-01
1.797799570530499991e-01
1.718113975459547305e-01
1.645719463935906290e-01
1.579664621384188616e-01
1.519156599661865281e-01
1.463529404061675865e-01
1.412219498690838737e-01
1.364746832869996040e-01
1.320699933296859974e-01
1.279724080583004298e-01
1.241511850476689632e-01
1.205795485810312595e-01
1.172340698701455214e-01
1.140941599620397678e-01
1.111416521322184658e-01
1.083604558670354795e-01
1.057362685151199827e-01
1.032563336974986756e-01
1.009092378629734138e-01
9.868473814217669504e-02
9.657361602304126436e-02
9.456755243915573872e-02
9.265902070219958486e-02
9.084119437361390381e-02
8.910786769881823277e-02
8.745338664980832621e-02
8.587258896182239920e-02
8.436075182454307042e-02
8.291354611155525578e-02
8.152699621403239338e-02
8.019744469406643594e-02
7.892152109613033428e-02
7.769611435693198065e-02
7.651834833840891192e-02
7.538556007901900391e-02
7.429528041737105959e-02
7.324521669165955096e-02
7.223323725998778699e-02
7.125735762182501543e-02
7.031572795063834036e-02
6.940662187307099218e-02
6.852842635162548213e-02
6.767963254627082370e-02
6.685882754620968427e-02
6.606468687663848149e-02
6.529596769704522352e-02
6.455150261770674358e-02
6.383019406980222632e-02
6.313100917215898333e-02
6.245297504425260243e-02
6.179517452084111462e-02
6.115674222864048160e-02
6.053686098984728536e-02
5.993475852117190888e-02
5.934970440043287748e-02
5.878100727574379208e-02
5.822801229495316866e-02
5.769009873531769778e-02
5.716667781544317040e-02
5.665719067334595155e-02
5.616110649610310535e-02
5.567792078799392586e-02
5.520715376531337704e-02
5.474834886717745014e-02
5.430107137265696715e-02
5.386490711548598542e-02
5.343946128840553617e-02
5.302435732993245748e-02
5.261923588699957827e-02
5.222375384750168464e-02
5.183758343731242196e-02
5.146041137681438282e-02
5.109193809241653617e-02
5.073187697892149461e-02
5.037995370895783503e-02
5.003590558601092586e-02
4.969948093787474042e-02
4.937043854760910649e-02
4.904854711932461059e-02
4.873358477633411845e-02
4.842533858940599456e-02
4.812360413303431311e-02
4.782818506780407014e-02
4.753889274707903678e-02
4.725554584637604166e-02
4.697797001391423172e-02
4.670599754094152678e-02
4.643946705054546875e-02
4.617822320375102735e-02
4.592211642179571535e-02
4.567100262355334311e-02
4.542474297715173859e-02
4.518320366489759349e-02
4.494625566068483763e-02
4.471377451912043888e-02
4.448564017565475454e-02
4.426173675705290245e-02
4.404195240158873675e-02
4.382617908838506993e-02
4.361431247536241840e-02
4.340625174529448571e-02
4.320189945950158456e-02
4.300116141874407022e-02
4.280394653090629359e-02
4.261016668508779692e-02
4.241973663174346265e-02
4.223257386853628004e-02
4.204859853158855743e-02
4.186773329183603870e-02
4.168990325620841597e-02
4.151503587337645323e-02
4.134306084382172175e-02
4.117391003399985261e-02
4.100751739438197180e-02
4.084381888117180615e-02
4.068275238150784873e-02
4.052425764197140068e-02
4.036827620023144408e-02
4.021475131966745914e-02
4.006362792682006263e-02
3.991485255152831674e-02
3.976837326962012753e-02
3.962413964802993099e-02
3.948210237449475968e-02
3.934221447868987281e-02
3.920442937577857390e-02
3.906870209282329448e-02
3.893498890605583823e-02
3.880324729828110025e-02
3.867343591800170149e-02
3.854551454018278339e-02
3.841944402858142593e-02
3.829518629956822628e-02
3.817270428737287030e-02
3.805196191068886680e-02
3.793292399903952505e-02
3.781555642809147216e-02
3.769982584068675563e-02
3.758569978452191290e-02
3.747314664312634269e-02
3.736213560943674183e-02
3.725263666036084109e-02
3.714462053228791139e-02
3.703805869750520507e-02
3.693292334148159245e-02
3.682918734098160340e-02
3.672682424297477044e-02
3.662580824430702875e-02
3.652611417210214345e-02
3.642771745180157367e-02
3.633059414118967184e-02
3.623472083441947600e-02
3.614007469731285449e-02
3.604663343791723873e-02
3.595437529069907268e-02
3.586327900128303409e-02
3.577332381171492715e-02
3.568448944622765878e-02
3.559675609749040487e-02
3.551010441332214801e-02
3.542451548385123355e-02
3.533997082910390886e-02
3.525645238700514383e-02
3.517394250177589138e-02
3.509242391271193140e-02
3.501187970658648646e-02
3.493229345413855630e-02
3.485364897939950690e-02
3.477593049688494642e-02
3.469912256531393346e-02
3.462321007839281456e-02
3.454817825589110575e-02
3.447401263499885737e-02
3.440069906195521166e-02
3.432822368393832063e-02
3.425657294120720842e-02
3.418573355948659187e-02
3.411569254258587508e-02
3.404643716524415054e-02
3.397795496619303302e-02
3.391023374142992930e-02
3.384326153769404849e-02
3.377702664613839445e-02
3.371151759619078758e-02
3.364672314959742117e-02
3.358263228010199136e-02
3.351923422600489727e-02
3.345651839745461542e-02
3.339447442934298516e-02
3.333309216162527039e-02
3.327236163433541782e-02
3.321227308274498496e-02
3.315281693266073498e-02
3.309398379585618694e-02
3.303576446563294411e-02
3.297814991250750533e-02
3.292113128001934730e-02
3.286469988065636449e-02
3.280884719189402360e-02
3.275356485234441617e-02
3.269884465801169149e-02
3.264467855865062912e-02
3.259105865422483317e-02
3.253797719146168943e-02
3.248542655782461763e-02
3.243339928927801291e-02
3.238188805010130261e-02
3.233088564145356752e-02
3.228038499537836531e-02
3.223037917187794588e-02
3.218086135069590098e-02
3.213182485002238908e-02
3.208326309157305545e-02
3.203516961944174318e-02
3.198753809216798444e-02
3.194036228024212803e-02
3.189363606367468656e-02
3.184735342962848048e-02
3.180150847011112974e-02
3.175609537972655383e-02
3.171110845348357882e-02
3.166654208465992382e-02
3.162239076272010257e-02
3.157864907128544313e-02
3.153531168615507363e-02
3.149237335785672054e-02
3.144982897184686599e-02
3.140767345354399109e-02
3.136590182863115833e-02
3.132450920578491727e-02
3.128349077497150771e-02
3.124284180578446729e-02
3.120255764582250194e-02
3.116263371910659233e-02
3.112306552453498673e-02
3.108384863437546608e-02
3.104497869279325764e-02
3.100645141441420519e-02
3.096826258292188772e-02
3.093040804968774649e-02
3.089288373243354036e-02
3.085568561392503656e-02
3.081880974069622914e-02
3.078225221548118104e-02
3.074600922128669853e-02
3.071007698226521643e-02
3.067445178784683479e-02
3.063912998528013978e-02
3.060410797852286882e-02
3.056938222715772924e-02
3.053494924533296101e-02
3.050080560072661318e-02
3.046694791353426329e-02
3.043337285547936116e-02
3.040007714884578049e-02
3.036705756553169724e-02
3.033431092612471833e-02
3.030183409899720945e-02
3.026962399942171450e-02
3.023767758870574834e-02
3.020599187334539748e-02
3.017456390419758633e-02
3.014339076124315439e-02
3.011246961050658560e-02
3.008179761670647795e-02
3.005137200021730862e-02
3.002119002189595695e-02
2.999124898235524736e-02
2.996154622125291739e-02
2.993207911659572298e-02
2.990284508405812239e-02
2.987384157631547271e-02
2.984506608239115982e-02
2.981651612701733192e-02
2.978818927000909111e-02
2.976008310565153928e-02
2.973219526209971986e-02
2.970452340079074091e-02
2.967706521586813140e-02
2.964981843361804217e-02
2.962278081191682330e-02
2.959595013968999849e-02
2.956932423638218566e-02
2.954290095143772762e-02
2.951667816379188736e-02
2.949065377673227087e-02
2.946482573597102375e-02
2.943919200132303834e-02
2.941375056479978919e-02
2.938849944550832663e-02
2.936343668920029376e-02
2.933856036783009935e-02
2.931386857912155267e-02
2.928935944614320316e-02
2.926503111689172931e-02
2.924088176388377897e-02
2.921690958375548416e-02
2.919311279686980995e-02
2.916948964693155330e-02
2.914603840060967302e-02
2.912275734716694361e-02
2.909964479809662788e-02
2.907669908676614387e-02
2.905391856806747650e-02
2.903130161807422269e-02
2.900884663370515218e-02
2.898655203239407577e-02
2.896441625176595161e-02
2.894243774931903185e-02
2.892061500211295585e-02
2.889894650646269297e-02
2.887743077763814045e-02
2.885606633620285341e-02
2.883485176119321078e-02
2.881378560962712457e-02
2.879286646969963018e-02
2.877209294713980667e-02
2.875146366494202993e-02
2.873097726310209002e-02
2.871063239835816225e-02
2.869042774393639611e-02
2.867036198930116367e-02
2.865043383990972456e-02
2.863064201697137698e-02
2.861098525721080324e-02
2.859146231263581112e-02
2.857207195030898872e-02
2.855281295212359904e-02
2.853368411458334294e-02
2.851468424858602871e-02
2.849581217921101639e-02
2.847706674551043343e-02
2.845844680030405749e-02
2.843995120997770687e-02
2.842157885428516981e-02
2.840332862615358236e-02
2.838519943149220640e-02
2.836719018900440287e-02
2.834929983000294973e-02
2.833152729822843718e-02
2.831387154967083403e-02
2.829633155239409323e-02
2.827890628636369613e-02
2.826159474327714569e-02
2.824439592100473628e-02
2.822730884499729739e-02
2.821033253576620339e-02
2.819346603029862161e-02
2.817670837650823601e-02
2.816005863308202253e-02
2.814351586932976185e-02
2.812707916503600844e-02
2.811074761031438426e-02
2.809452030546447793e-02
2.807839636083094004e-02
2.806237489666498983e-02
2.804645504298816303e-02
2.803063593945825938e-02
2.801491673523751405e-02
2.799929658886289585e-02
2.798377466811852871e-02
2.796835014991014279e-02
2.795302222014156221e-02
2.793779007359323621e-02
2.792265291380260570e-02
2.790760995294650632e-02
2.789266041172536875e-02
2.787780351924931330e-02
2.786303851292598957e-02
2.784836463835028975e-02
2.783378114919573404e-02
2.781928730710756664e-02
2.780488238159756903e-02
2.779056564994052819e-02
2.777633639707226265e-02
2.776219391548933810e-02
2.774813750515025754e-02
2.773416647337820229e-02
2.772028013476534117e-02
2.770647781107856214e-02
2.769275883116665074e-02
