# z
0.000000000000000000e+00
1.002499999999999919e-02
2.004999999999999838e-02
3.007499999999999757e-02
4.009999999999999676e-02
5.012499999999999595e-02
6.014999999999999514e-02
7.017499999999998739e-02
8.019999999999999352e-02
9.022499999999999964e-02
1.002499999999999919e-01
1.102749999999999841e-01
1.202999999999999903e-01
1.303249999999999964e-01
1.403499999999999748e-01
1.503749999999999809e-01
1.603999999999999870e-01
1.704249999999999932e-01
1.804499999999999993e-01
1.904749999999999777e-01
2.004999999999999838e-01
2.105249999999999899e-01
2.205499999999999683e-01
2.305749999999999744e-01
2.405999999999999805e-01
2.506249999999999867e-01
2.606499999999999928e-01
2.706749999999999989e-01
2.806999999999999496e-01
2.907249999999999557e-01
3.007499999999999618e-01
3.107749999999999679e-01
3.207999999999999741e-01
3.308249999999999802e-01
3.408499999999999863e-01
3.508749999999999925e-01
3.608999999999999986e-01
3.709249999999999492e-01
3.809499999999999553e-01
3.909749999999999615e-01
4.009999999999999676e-01
4.110249999999999737e-01
4.210499999999999798e-01
4.310749999999999860e-01
4.410999999999999366e-01
4.511249999999999427e-01
4.611499999999999488e-01
4.711749999999999550e-01
4.811999999999999611e-01
4.912249999999999672e-01
5.012499999999999734e-01
5.112749999999999240e-01
5.212999999999999856e-01
5.313249999999999362e-01
5.413499999999999979e-01
5.513749999999999485e-01
5.613999999999998991e-01
5.714249999999999607e-01
5.814499999999999114e-01
5.914749999999999730e-01
6.014999999999999236e-01
6.115249999999999853e-01
6.215499999999999359e-01
6.315749999999999975e-01
6.415999999999999481e-01
6.516249999999998987e-01
6.616499999999999604e-01
6.716749999999999110e-01
6.816999999999999726e-01
6.917249999999999233e-01
7.017499999999999849e-01
7.117749999999999355e-01
7.217999999999999972e-01
7.318249999999999478e-01
7.418499999999998984e-01
7.518749999999999600e-01
7.618999999999999106e-01
7.719249999999999723e-01
7.819499999999999229e-01
7.919749999999999845e-01
8.019999999999999352e-01
8.120249999999998858e-01
8.220499999999999474e-01
8.320749999999998980e-01
8.420999999999999597e-01
8.521249999999999103e-01
8.621499999999999719e-01
8.721749999999999226e-01
8.821999999999998732e-01
8.922249999999999348e-01
9.022499999999998854e-01
9.122749999999999471e-01
9.222999999999998977e-01
9.323249999999999593e-01
9.423499999999999099e-01
9.523749999999999716e-01
9.623999999999999222e-01
9.724249999999998728e-01
9.824499999999999345e-01
9.924749999999998851e-01
1.002499999999999947e+00
1.012524999999999897e+00
1.022549999999999848e+00
1.032575000000000021e+00
1.042599999999999971e+00
1.052624999999999922e+00
1.062649999999999872e+00
1.072674999999999823e+00
1.082699999999999996e+00
1.092724999999999946e+00
1.102749999999999897e+00
1.112774999999999848e+00
1.122799999999999798e+00
1.132824999999999971e+00
1.142849999999999921e+00
1.152874999999999872e+00
1.162899999999999823e+00
1.172924999999999995e+00
1.182949999999999946e+00
1.192974999999999897e+00
1.202999999999999847e+00
1.213024999999999798e+00
1.223049999999999971e+00
1.233074999999999921e+00
1.243099999999999872e+00
1.253124999999999822e+00
1.263149999999999995e+00
1.273174999999999946e+00
1.283199999999999896e+00
1.293224999999999847e+00
1.303249999999999797e+00
1.313274999999999970e+00
1.323299999999999921e+00
1.333324999999999871e+00
1.343349999999999822e+00
1.353374999999999995e+00
1.363399999999999945e+00
1.373424999999999896e+00
1.383449999999999847e+00
1.393474999999999797e+00
1.403499999999999970e+00
1.413524999999999920e+00
1.423549999999999871e+00
1.433574999999999822e+00
1.443599999999999994e+00
1.453624999999999945e+00
1.463649999999999896e+00
1.473674999999999846e+00
1.483699999999999797e+00
1.493724999999999969e+00
1.503749999999999920e+00
1.513774999999999871e+00
1.523799999999999821e+00
1.533824999999999772e+00
1.543849999999999945e+00
1.553874999999999895e+00
1.563899999999999846e+00
1.573924999999999796e+00
1.583949999999999969e+00
1.593974999999999920e+00
1.603999999999999870e+00
1.614024999999999821e+00
1.624049999999999772e+00
1.634074999999999944e+00
1.644099999999999895e+00
1.654124999999999845e+00
1.664149999999999796e+00
1.674174999999999969e+00
1.684199999999999919e+00
1.694224999999999870e+00
1.704249999999999821e+00
1.714274999999999771e+00
1.724299999999999944e+00
1.734324999999999894e+00
1.744349999999999845e+00
1.754374999999999796e+00
1.764399999999999746e+00
1.774424999999999919e+00
1.784449999999999870e+00
1.794474999999999820e+00
1.804499999999999771e+00
1.814524999999999944e+00
1.824549999999999894e+00
1.834574999999999845e+00
1.844599999999999795e+00
1.854624999999999746e+00
1.864649999999999919e+00
1.874674999999999869e+00
1.884699999999999820e+00
1.894724999999999770e+00
1.904749999999999943e+00
1.914774999999999894e+00
1.924799999999999844e+00
1.934824999999999795e+00
1.944849999999999746e+00
1.954874999999999918e+00
1.964899999999999869e+00
1.974924999999999820e+00
1.984949999999999770e+00
1.994974999999999943e+00
2.004999999999999893e+00
2.015024999999999622e+00
2.025049999999999795e+00
2.035074999999999967e+00
2.045099999999999696e+00
2.055124999999999869e+00
2.065150000000000041e+00
2.075174999999999770e+00
2.085199999999999942e+00
2.095224999999999671e+00
2.105249999999999844e+00
2.115275000000000016e+00
2.125299999999999745e+00
2.135324999999999918e+00
2.145349999999999646e+00
2.155374999999999819e+00
2.165399999999999991e+00
2.175424999999999720e+00
2.185449999999999893e+00
2.195474999999999621e+00
2.205499999999999794e+00
2.215524999999999967e+00
2.225549999999999695e+00
2.235574999999999868e+00
2.245599999999999596e+00
2.255624999999999769e+00
2.265649999999999942e+00
2.275674999999999670e+00
2.285699999999999843e+00
2.295725000000000016e+00
2.305749999999999744e+00
2.315774999999999917e+00
2.325799999999999645e+00
2.335824999999999818e+00
2.345849999999999991e+00
2.355874999999999719e+00
2.365899999999999892e+00
2.375924999999999621e+00
2.385949999999999793e+00
2.395974999999999966e+00
2.405999999999999694e+00
2.416024999999999867e+00
2.426049999999999596e+00
2.436074999999999768e+00
2.446099999999999941e+00
2.456124999999999670e+00
2.466149999999999842e+00
2.476175000000000015e+00
2.486199999999999743e+00
2.496224999999999916e+00
2.506249999999999645e+00
2.516274999999999817e+00
2.526299999999999990e+00
2.536324999999999719e+00
2.546349999999999891e+00
2.556374999999999620e+00
2.566399999999999793e+00
2.576424999999999965e+00
2.586449999999999694e+00
2.596474999999999866e+00
2.606499999999999595e+00
2.616524999999999768e+00
2.626549999999999940e+00
2.636574999999999669e+00
2.646599999999999842e+00
2.656624999999999570e+00
2.666649999999999743e+00
2.676674999999999915e+00
2.686699999999999644e+00
2.696724999999999817e+00
2.706749999999999989e+00
2.716774999999999718e+00
2.726799999999999891e+00
2.736824999999999619e+00
2.746849999999999792e+00
2.756874999999999964e+00
2.766899999999999693e+00
2.776924999999999866e+00
2.786949999999999594e+00
2.796974999999999767e+00
2.806999999999999940e+00
2.817024999999999668e+00
2.827049999999999841e+00
2.837074999999999569e+00
2.847099999999999742e+00
2.857124999999999915e+00
2.867149999999999643e+00
2.877174999999999816e+00
2.887199999999999989e+00
2.897224999999999717e+00
2.907249999999999890e+00
2.917274999999999618e+00
2.927299999999999791e+00
2.937324999999999964e+00
2.947349999999999692e+00
2.957374999999999865e+00
2.967399999999999594e+00
2.977424999999999766e+00
2.987449999999999939e+00
2.997474999999999667e+00
3.007499999999999840e+00
3.017524999999999569e+00
3.027549999999999741e+00
3.037574999999999914e+00
3.047599999999999643e+00
3.057624999999999815e+00
3.067649999999999544e+00
3.077674999999999716e+00
3.087699999999999889e+00
3.097724999999999618e+00
3.107749999999999790e+00
3.117774999999999963e+00
3.127799999999999692e+00
3.137824999999999864e+00
3.147849999999999593e+00
3.157874999999999766e+00
3.167899999999999938e+00
3.177924999999999667e+00
3.187949999999999839e+00
3.197974999999999568e+00
3.207999999999999741e+00
3.218024999999999913e+00
3.228049999999999642e+00
3.238074999999999815e+00
3.248099999999999543e+00
3.258124999999999716e+00
3.268149999999999888e+00
3.278174999999999617e+00
3.288199999999999790e+00
3.298224999999999518e+00
3.308249999999999691e+00
3.318274999999999864e+00
3.328299999999999592e+00
3.338324999999999765e+00
3.348349999999999937e+00
3.358374999999999666e+00
3.368399999999999839e+00
3.378424999999999567e+00
3.388449999999999740e+00
3.398474999999999913e+00
3.408499999999999641e+00
3.418524999999999814e+00
3.428549999999999542e+00
3.438574999999999715e+00
3.448599999999999888e+00
3.458624999999999616e+00
3.468649999999999789e+00
3.478674999999999518e+00
3.488699999999999690e+00
3.498724999999999863e+00
3.508749999999999591e+00
3.518774999999999764e+00
3.528799999999999493e+00
3.538824999999999665e+00
3.548849999999999838e+00
3.558874999999999567e+00
3.568899999999999739e+00
3.578924999999999912e+00
3.588949999999999640e+00
3.598974999999999813e+00
3.608999999999999542e+00
3.619024999999999714e+00
3.629049999999999887e+00
3.639074999999999616e+00
3.649099999999999788e+00
3.659124999999999517e+00
3.669149999999999689e+00
3.679174999999999862e+00
3.689199999999999591e+00
3.699224999999999763e+00
3.709249999999999492e+00
3.719274999999999665e+00
3.729299999999999837e+00
3.739324999999999566e+00
3.749349999999999739e+00
3.759374999999999911e+00
3.769399999999999640e+00
3.779424999999999812e+00
3.789449999999999541e+00
3.799474999999999714e+00
3.809499999999999886e+00
3.819524999999999615e+00
3.829549999999999788e+00
3.839574999999999516e+00
3.849599999999999689e+00
3.859624999999999861e+00
3.869649999999999590e+00
3.879674999999999763e+00
3.889699999999999491e+00
3.899724999999999664e+00
3.909749999999999837e+00
3.919774999999999565e+00
3.929799999999999738e+00
3.939824999999999466e+00
3.949849999999999639e+00
3.959874999999999812e+00
3.969899999999999540e+00
3.979924999999999713e+00
3.989949999999999886e+00
3.999974999999999614e+00
4.009999999999999787e+00
